{
  "_meta": {
    "schema": "state_moment.schema.json",
    "dimension_order_score": [
      "pdi",
      "idv",
      "mas",
      "uai",
      "lto",
      "ivr"
    ],
    "matrix_field": "M",
    "definition": "M(s) = sum_i w_s[i] * (mu_i - x_s) outer (mu_i - x_s) = Cov_w(mu;w) + weight_sum * (mu_bar - x_s)(mu_bar - x_s)^T"
  },
  "moments": [
    {
      "iso3": "AFG",
      "M": [
        [
          439.9831409907034,
          -73.76985919582218,
          27.32714722341734,
          450.3936992236488,
          262.515240220957,
          221.54622482417534
        ],
        [
          -73.76985919582218,
          506.04045606246757,
          15.125422178878397,
          -20.463304777403003,
          4.410054134838566,
          50.6376938910092
        ],
        [
          27.32714722341734,
          15.125422178878397,
          341.6263873879427,
          38.703166659482314,
          47.026954630145156,
          40.52173238158197
        ],
        [
          450.3936992236488,
          -20.463304777403003,
          38.703166659482314,
          1972.722438538966,
          667.8721304297399,
          1107.2716062045351
        ],
        [
          262.515240220957,
          4.410054134838566,
          47.026954630145156,
          667.8721304297399,
          1200.3880774111508,
          516.8765245677791
        ],
        [
          221.54622482417534,
          50.6376938910092,
          40.52173238158197,
          1107.2716062045351,
          516.8765245677791,
          1527.975129658856
        ]
      ],
      "eigenvalues": [
        3338.180488989007,
        861.8584073615694,
        681.4114300095495,
        489.82607932254706,
        342.5798364923261,
        274.8793878750864
      ],
      "eigenvectors": [
        [
          0.1877792476179941,
          -0.13904967512627134,
          0.3105403718438017,
          0.10878410712996384,
          0.24281927227711922,
          0.8821415070798782
        ],
        [
          0.0008233561423400815,
          0.058567397544614985,
          -0.3870285197702032,
          -0.8847299924741533,
          0.005138291254847618,
          0.2529911960793572
        ],
        [
          0.02446686620820651,
          -0.04025218768017699,
          -0.03631231746946956,
          -0.05468344851517005,
          0.9630006303741815,
          -0.2571032006847141
        ],
        [
          0.7070349174201274,
          0.20981857000661597,
          0.54627800547198,
          -0.297191359510116,
          -0.07301432530207666,
          -0.25299078659085356
        ],
        [
          0.38105155324212914,
          -0.8859723888177474,
          -0.21876823636864698,
          0.002544430319049625,
          -0.08689601734790742,
          -0.12014868631786688
        ],
        [
          0.5648371340723861,
          0.3829411222525477,
          -0.637319242949169,
          0.33778602786081896,
          0.027571277490802897,
          0.11523764778528488
        ]
      ],
      "invariants": {
        "I1_trace": 5988.735630050087,
        "I2_von_mises": 3195.1354973185366,
        "det": 9.042760487493688e+16
      },
      "anisotropy": 0.9176559240035773,
      "quality_flags": {
        "monocivilizational": false,
        "low_evidence": true,
        "computed_from_imputed": true,
        "x_score_provenance": "imputed_governance",
        "diagonal_inflated_by_prior": true
      },
      "decomposition": {
        "weighted_barycentre_mu_bar": [
          69.95829163654683,
          36.621822017223245,
          52.3580428279738,
          52.46548088793083,
          48.20294268039757,
          40.740229910333156
        ],
        "intra_civilizational_covariance": [
          [
            134.56034189735433,
            -93.1641333583085,
            6.282201358323717,
            23.220150931620154,
            13.430785686293069,
            -115.02905438488469
          ],
          [
            -93.1641333583085,
            225.97267416735906,
            12.19217049471891,
            -80.00289865368335,
            -30.307421521566557,
            3.7257174518607528
          ],
          [
            6.282201358323717,
            12.19217049471891,
            39.98019188391625,
            -25.90391888845886,
            9.354629817135223,
            -10.382982912999625
          ],
          [
            23.220150931620154,
            -80.00289865368335,
            -25.90391888845886,
            267.6779158502564,
            -96.80651336166376,
            73.99986501893787
          ],
          [
            13.430785686293069,
            -30.307421521566557,
            9.354629817135223,
            -96.80651336166376,
            192.65395945948674,
            -85.6231598540423
          ],
          [
            -115.02905438488469,
            3.7257174518607528,
            -10.382982912999625,
            73.99986501893787,
            -85.6231598540423,
            228.62579811141956
          ]
        ],
        "bias_term": [
          [
            139.14641285180534,
            19.394274162486468,
            21.044945865093805,
            427.1735482920293,
            249.08445453466436,
            336.57527920906057
          ],
          [
            19.394274162486468,
            2.7031805030452856,
            2.9332516841595297,
            59.539593876280655,
            34.71747565640532,
            46.91197643914872
          ],
          [
            21.044945865093805,
            2.9332516841595297,
            3.182904520409149,
            64.60708554794162,
            37.67232481301022,
            50.904715294581976
          ],
          [
            427.1735482920293,
            59.539593876280655,
            64.60708554794162,
            1311.4045602795802,
            764.6786437914035,
            1033.2717411855972
          ],
          [
            249.08445453466436,
            34.71747565640532,
            37.67232481301022,
            764.6786437914035,
            445.883326916295,
            602.4996844218215
          ],
          [
            336.57527920906057,
            46.91197643914872,
            50.904715294581976,
            1033.2717411855972,
            602.4996844218215,
            814.1274809240424
          ]
        ],
        "prior_variance_inflation": [
          [
            166.27638624154415,
            0.0,
            0.0,
            0.0,
            0.0,
            0.0
          ],
          [
            0.0,
            277.3646013920633,
            0.0,
            0.0,
            0.0,
            0.0
          ],
          [
            0.0,
            0.0,
            298.46329098361736,
            0.0,
            0.0,
            0.0
          ],
          [
            0.0,
            0.0,
            0.0,
            393.6399624091296,
            0.0,
            0.0
          ],
          [
            0.0,
            0.0,
            0.0,
            0.0,
            561.8507910353687,
            0.0
          ],
          [
            0.0,
            0.0,
            0.0,
            0.0,
            0.0,
            485.2218506233945
          ]
        ],
        "trace_intra": 1089.4708813697923,
        "trace_bias": 2716.4478659951774,
        "trace_prior_inflation": 2182.8168826851174
      }
    },
    {
      "iso3": "AGO",
      "M": [
        [
          296.08281846325093,
          -75.88140603478384,
          -10.835944915518349,
          112.98301829114769,
          41.93984928455045,
          -70.68796567124923
        ],
        [
          -75.88140603478384,
          499.27040977379306,
          11.413819708464679,
          -2.874179404826405,
          48.10561648759341,
          30.911569024824463
        ],
        [
          -10.835944915518349,
          11.413819708464679,
          340.0986115496955,
          -43.35121505108587,
          -6.929092370757064,
          8.877563757770496
        ],
        [
          112.98301829114769,
          -2.874179404826405,
          -43.35121505108587,
          904.3302573715248,
          94.10704172137497,
          109.87367052125758
        ],
        [
          41.93984928455045,
          48.10561648759341,
          -6.929092370757064,
          94.10704172137497,
          823.7781750411991,
          -40.272467429378864
        ],
        [
          -70.68796567124923,
          30.911569024824463,
          8.877563757770496,
          109.87367052125758,
          -40.272467429378864,
          736.3957720947517
        ]
      ],
      "eigenvalues": [
        1004.6515147922071,
        835.6053925655514,
        689.8190185147299,
        494.37624811171366,
        335.74011093713113,
        239.7637593728819
      ],
      "eigenvectors": [
        [
          0.1342435976297545,
          -0.08723589977050163,
          0.2543370825726916,
          0.18400292548960612,
          0.052746135902630345,
          0.934367150146917
        ],
        [
          0.029956470775079125,
          -0.0353563528866771,
          -0.3346879380371637,
          -0.9028168314809204,
          -0.037213019700726845,
          0.2633884626577077
        ],
        [
          -0.05851992002934759,
          0.0032959678431045375,
          -0.0758589099868687,
          -0.02153856300800369,
          0.9949056368003788,
          -0.022557603988945032
        ],
        [
          0.8542203251494318,
          0.22000113286918296,
          0.39115999638984666,
          -0.1799389133429305,
          0.07142643627534845,
          -0.1772603918762996
        ],
        [
          0.4297844713001155,
          -0.7603996178146767,
          -0.4437383250320161,
          0.19407362402673042,
          -0.0029673771445345035,
          -0.0500065144193094
        ],
        [
          0.2514947904922888,
          0.6037556504591335,
          -0.6838363945115258,
          0.2838277619114533,
          -0.0297534712060953,
          0.152163737319074
        ]
      ],
      "invariants": {
        "I1_trace": 3599.9560442942156,
        "I2_von_mises": 810.6294037840269,
        "det": 2.304603449658591e+16
      },
      "anisotropy": 0.7613463416491515,
      "quality_flags": {
        "monocivilizational": false,
        "low_evidence": true,
        "computed_from_imputed": true,
        "x_score_provenance": "imputed_governance",
        "diagonal_inflated_by_prior": true
      },
      "decomposition": {
        "weighted_barycentre_mu_bar": [
          70.10846329667079,
          32.25458906786307,
          51.99853891259179,
          58.7854373356987,
          43.6811920529629,
          46.861806329184084
        ],
        "intra_civilizational_covariance": [
          [
            117.09395901971169,
            -97.80303758686112,
            -7.803836551687244,
            55.80250324961448,
            7.303194409277791,
            -86.37128063938
          ],
          [
            -97.80303758686112,
            184.10372830893857,
            16.642445273429157,
            -101.47735148481007,
            -11.622492614970898,
            3.866961198820544
          ],
          [
            -7.803836551687244,
            16.642445273429157,
            40.91211895267594,
            -29.7128368102261,
            1.3322497987558974,
            12.618260767067145
          ],
          [
            55.80250324961448,
            -101.47735148481007,
            -29.7128368102261,
            253.49319031859798,
            -61.68811580730268,
            39.330353482401335
          ],
          [
            7.303194409277791,
            -11.622492614970898,
            1.3322497987558974,
            -61.68811580730268,
            167.55567191754326,
            -83.00353629535614
          ],
          [
            -86.37128063938,
            3.866961198820544,
            12.618260767067145,
            39.330353482401335,
            -83.00353629535614,
            231.82549379081792
          ]
        ],
        "bias_term": [
          [
            12.712473201995255,
            21.921631552077464,
            -3.0321083638311146,
            57.1805150415335,
            34.63665487527287,
            15.683314968130887
          ],
          [
            21.921631552077464,
            37.8020800727913,
            -5.228625564964471,
            98.60317207998382,
            59.72810910256446,
            27.044607826003986
          ],
          [
            -3.0321083638311146,
            -5.228625564964471,
            0.7232016134021527,
            -13.638378240859737,
            -8.261342169512941,
            -3.7406970092966434
          ],
          [
            57.1805150415335,
            98.60317207998382,
            -13.638378240859737,
            257.19710464379705,
            155.79515752867775,
            70.54331703885627
          ],
          [
            34.63665487527287,
            59.72810910256446,
            -8.261342169512941,
            155.79515752867775,
            94.3717120882873,
            42.731068865977335
          ],
          [
            15.683314968130887,
            27.044607826003986,
            -3.7406970092966434,
            70.54331703885627,
            42.731068865977335,
            19.348427680539242
          ]
        ],
        "prior_variance_inflation": [
          [
            166.27638624154415,
            0.0,
            0.0,
            0.0,
            0.0,
            0.0
          ],
          [
            0.0,
            277.3646013920633,
            0.0,
            0.0,
            0.0,
            0.0
          ],
          [
            0.0,
            0.0,
            298.46329098361736,
            0.0,
            0.0,
            0.0
          ],
          [
            0.0,
            0.0,
            0.0,
            393.6399624091296,
            0.0,
            0.0
          ],
          [
            0.0,
            0.0,
            0.0,
            0.0,
            561.8507910353687,
            0.0
          ],
          [
            0.0,
            0.0,
            0.0,
            0.0,
            0.0,
            485.2218506233945
          ]
        ],
        "trace_intra": 994.9841623082852,
        "trace_bias": 422.15499930081234,
        "trace_prior_inflation": 2182.8168826851174
      }
    },
    {
      "iso3": "ALB",
      "M": [
        [
          386.9005506496781,
          -235.57897290449472,
          -15.331524197746916,
          19.004516869699188,
          -44.88564324587391,
          -71.15713897652168
        ],
        [
          -235.57897290449472,
          636.2344381309849,
          2.352744194796964,
          -31.886753810368006,
          75.48126206040958,
          -24.510838889830666
        ],
        [
          -15.331524197746916,
          2.352744194796964,
          399.25878131061137,
          -40.05868003889692,
          16.425128892461533,
          25.479907653799458
        ],
        [
          19.004516869699188,
          -31.886753810368006,
          -40.05868003889692,
          787.5967786581889,
          93.51478081474298,
          -39.55075279682273
        ],
        [
          -44.88564324587391,
          75.48126206040958,
          16.425128892461533,
          93.51478081474298,
          817.49413482086,
          -123.15058420861473
        ],
        [
          -71.15713897652168,
          -24.510838889830666,
          25.479907653799458,
          -39.55075279682273,
          -123.15058420861473,
          729.2097818052606
        ]
      ],
      "eigenvalues": [
        971.9744765715542,
        827.7615183147993,
        720.3194397418915,
        612.6010602884877,
        390.9282549203635,
        233.1097155384871
      ],
      "eigenvectors": [
        [
          0.07138462007785357,
          0.4299834536329753,
          -0.25772249973161215,
          0.14126012138555455,
          -0.030795128875314874,
          0.8501145904488288
        ],
        [
          -0.20888961196614317,
          -0.6738614591427177,
          0.2251855199795999,
          -0.4479511091142957,
          -0.005607888280968024,
          0.5008749354065338
        ],
        [
          0.0265541007312153,
          -0.08611731722304664,
          -0.016416706031395712,
          0.14933345504560852,
          0.983404595028339,
          0.0471603737583607
        ],
        [
          -0.4371398194580338,
          0.5442145166751365,
          0.6494046785492898,
          -0.2798338714218932,
          0.11236933603924538,
          0.008890347893785545
        ],
        [
          -0.7450282654838745,
          -0.1848318605187784,
          -0.059040277220409096,
          0.6304810776344484,
          -0.09423207857771483,
          0.02997063137174426
        ],
        [
          0.4521127156336321,
          -0.15256642597709982,
          0.6763053272233741,
          0.5303503712674213,
          -0.10212277801132454,
          0.15240769109201488
        ]
      ],
      "invariants": {
        "I1_trace": 3756.694465375584,
        "I2_von_mises": 754.0919946421781,
        "det": 3.2353435850266172e+16
      },
      "anisotropy": 0.7601688921290042,
      "quality_flags": {
        "monocivilizational": false,
        "low_evidence": true,
        "computed_from_imputed": true,
        "x_score_provenance": "imputed_governance",
        "diagonal_inflated_by_prior": true
      },
      "decomposition": {
        "weighted_barycentre_mu_bar": [
          70.28949240688017,
          31.828685034008714,
          50.75921478629302,
          65.70445011790515,
          46.12562090747996,
          46.31522935109445
        ],
        "intra_civilizational_covariance": [
          [
            155.40724248937175,
            -148.94571896563025,
            -32.69691816935434,
            88.63996029746755,
            10.101476611222932,
            -100.58427231829215
          ],
          [
            -148.94571896563025,
            243.78742457931668,
            25.42069253441165,
            -124.38951039765374,
            2.4371352020370534,
            14.579756625640945
          ],
          [
            -32.69691816935434,
            25.42069253441165,
            96.1715844615075,
            -21.51676064231632,
            31.066620266002996,
            17.64430687872123
          ],
          [
            88.63996029746755,
            -124.38951039765374,
            -21.51676064231632,
            319.60349139539284,
            34.8022203103625,
            -8.129897307586106
          ],
          [
            10.101476611222932,
            2.4371352020370534,
            31.066620266002996,
            34.8022203103625,
            209.281398737777,
            -98.33933491153327
          ],
          [
            -100.58427231829215,
            14.579756625640945,
            17.64430687872123,
            -8.129897307586106,
            -98.33933491153327,
            230.7098409065688
          ]
        ],
        "bias_term": [
          [
            65.21692191876214,
            -86.63325393886437,
            17.36539397160733,
            -69.63544342776841,
            -54.987119857096836,
            29.42713334177051
          ],
          [
            -86.63325393886437,
            115.08241215960497,
            -23.06794833961457,
            92.50275658728589,
            73.04412685837258,
            -39.090595515471634
          ],
          [
            17.36539397160733,
            -23.06794833961457,
            4.623905865486451,
            -18.541919396580514,
            -14.6414913735414,
            7.835600775078193
          ],
          [
            -69.63544342776841,
            92.50275658728589,
            -18.541919396580514,
            74.35332485366663,
            58.71256050438059,
            -31.420855489236683
          ],
          [
            -54.987119857096836,
            73.04412685837258,
            -14.6414913735414,
            58.71256050438059,
            46.36194504771442,
            -24.81124929708149
          ],
          [
            29.42713334177051,
            -39.090595515471634,
            7.835600775078193,
            -31.420855489236683,
            -24.81124929708149,
            13.278090275297341
          ]
        ],
        "prior_variance_inflation": [
          [
            166.27638624154415,
            0.0,
            0.0,
            0.0,
            0.0,
            0.0
          ],
          [
            0.0,
            277.3646013920633,
            0.0,
            0.0,
            0.0,
            0.0
          ],
          [
            0.0,
            0.0,
            298.46329098361736,
            0.0,
            0.0,
            0.0
          ],
          [
            0.0,
            0.0,
            0.0,
            393.6399624091296,
            0.0,
            0.0
          ],
          [
            0.0,
            0.0,
            0.0,
            0.0,
            561.8507910353687,
            0.0
          ],
          [
            0.0,
            0.0,
            0.0,
            0.0,
            0.0,
            485.2218506233945
          ]
        ],
        "trace_intra": 1254.9609825699347,
        "trace_bias": 318.916600120532,
        "trace_prior_inflation": 2182.8168826851174
      }
    },
    {
      "iso3": "AND",
      "M": [
        [
          299.57572852642045,
          -142.52476820086622,
          -31.237067576208457,
          66.50229322129091,
          1.782310173908435,
          -86.19187561928601
        ],
        [
          -142.52476820086622,
          628.3735686346554,
          3.4493884903036265,
          -16.527212132455684,
          75.68163912319937,
          -18.02743852977268
        ],
        [
          -31.237067576208457,
          3.4493884903036265,
          390.10921173452107,
          -49.51849004324273,
          6.081277906966324,
          26.049843467733936
        ],
        [
          66.50229322129091,
          -16.527212132455684,
          -49.51849004324273,
          772.4864440316317,
          89.32301341449397,
          -18.36597347227312
        ],
        [
          1.782310173908435,
          75.68163912319937,
          6.081277906966324,
          89.32301341449397,
          803.2209974027394,
          -106.50511996226342
        ],
        [
          -86.19187561928601,
          -18.02743852977268,
          26.049843467733936,
          -18.36597347227312,
          -106.50511996226342,
          716.5872359538772
        ]
      ],
      "eigenvalues": [
        939.4495645329549,
        770.5556450763881,
        703.0657425825107,
        592.0322529849191,
        381.70973404045054,
        223.54024706662287
      ],
      "eigenvectors": [
        [
          -0.08311108971024207,
          0.24263854933046752,
          -0.26129166764487216,
          -0.11898203550273426,
          0.0766893009452392,
          0.9197324458305798
        ],
        [
          -0.1407562254356821,
          -0.5228431239054034,
          0.428657828349855,
          0.6439375622117214,
          0.0360693634173375,
          0.32728983481895446
        ],
        [
          0.05993075271356646,
          -0.11530465082635062,
          0.04378005798572148,
          -0.11341839411337097,
          -0.9772857573261521,
          0.11508807628924177
        ],
        [
          -0.4800266080730705,
          0.7265849967231955,
          0.34560113512397805,
          0.3063663360426665,
          -0.14526125664770603,
          -0.08513159775638716
        ],
        [
          -0.7372437405690897,
          -0.32940500406616896,
          0.18764590221351304,
          -0.5553146635814868,
          0.06606463065382678,
          -0.003756948002647711
        ],
        [
          0.44241909902378823,
          0.13428710099774943,
          0.7690327092653535,
          -0.3950813228037586,
          0.11074715601021047,
          0.16268627235225624
        ]
      ],
      "invariants": {
        "I1_trace": 3610.3531862838445,
        "I2_von_mises": 718.7029862146759,
        "det": 2.571033537275329e+16
      },
      "anisotropy": 0.7620518913351614,
      "quality_flags": {
        "monocivilizational": false,
        "low_evidence": true,
        "computed_from_imputed": true,
        "x_score_provenance": "imputed_governance",
        "diagonal_inflated_by_prior": true
      },
      "decomposition": {
        "weighted_barycentre_mu_bar": [
          71.75495109227742,
          30.083455608171576,
          50.306203271903755,
          67.18985118525286,
          45.88383878304013,
          45.908355430048104
        ],
        "intra_civilizational_covariance": [
          [
            130.3704993578682,
            -122.44810291891059,
            -34.865970188863336,
            80.97076692469733,
            12.510728777726197,
            -88.7796547519039
          ],
          [
            -122.44810291891059,
            213.387217326684,
            28.324830742002508,
            -115.7058676367992,
            2.140355182245738,
            -0.28870116352154795
          ],
          [
            -34.865970188863336,
            28.324830742002508,
            87.14962835819901,
            -31.591723968062546,
            19.374031144785157,
            22.84352660835772
          ],
          [
            80.97076692469733,
            -115.7058676367992,
            -31.591723968062546,
            307.3722726863444,
            36.32466344594849,
            -5.582353707196418
          ],
          [
            12.510728777726197,
            2.140355182245738,
            19.374031144785157,
            36.32466344594849,
            202.07176373756363,
            -97.02602583504449
          ],
          [
            -88.7796547519039,
            -0.28870116352154795,
            22.84352660835772,
            -5.582353707196418,
            -97.02602583504449,
            229.07895310925966
          ]
        ],
        "bias_term": [
          [
            2.9288429270080756,
            -20.076665281955606,
            3.6289026126548607,
            -14.468473703406373,
            -10.728418603817735,
            2.5877791326178734
          ],
          [
            -20.076665281955606,
            137.62174991590808,
            -24.87544225169879,
            99.1786555043433,
            73.54128394095348,
            -17.738737366251122
          ],
          [
            3.6289026126548607,
            -24.87544225169879,
            4.496292392704665,
            -17.926766075180094,
            -13.292753237818767,
            3.2063168593762
          ],
          [
            -14.468473703406373,
            99.1786555043433,
            -17.926766075180094,
            71.47420893615731,
            52.99834996854531,
            -12.783619765076676
          ],
          [
            -10.728418603817735,
            73.54128394095348,
            -13.292753237818767,
            52.99834996854531,
            39.298442629806864,
            -9.479094127218918
          ],
          [
            2.5877791326178734,
            -17.738737366251122,
            3.2063168593762,
            -12.783619765076676,
            -9.479094127218918,
            2.286432221223057
          ]
        ],
        "prior_variance_inflation": [
          [
            166.27638624154415,
            0.0,
            0.0,
            0.0,
            0.0,
            0.0
          ],
          [
            0.0,
            277.3646013920633,
            0.0,
            0.0,
            0.0,
            0.0
          ],
          [
            0.0,
            0.0,
            298.46329098361736,
            0.0,
            0.0,
            0.0
          ],
          [
            0.0,
            0.0,
            0.0,
            393.6399624091296,
            0.0,
            0.0
          ],
          [
            0.0,
            0.0,
            0.0,
            0.0,
            561.8507910353687,
            0.0
          ],
          [
            0.0,
            0.0,
            0.0,
            0.0,
            0.0,
            485.2218506233945
          ]
        ],
        "trace_intra": 1169.430334575919,
        "trace_bias": 258.10596902280804,
        "trace_prior_inflation": 2182.8168826851174
      }
    },
    {
      "iso3": "ARE",
      "M": [
        [
          298.34352004592824,
          -72.08151024268712,
          -37.62441705064339,
          39.85719425604142,
          72.72905136421369,
          -69.02439204134662
        ],
        [
          -72.08151024268712,
          454.7728490081505,
          31.249256565653067,
          -102.87036715638536,
          -11.264620882019813,
          -24.82790264863743
        ],
        [
          -37.62441705064339,
          31.249256565653067,
          363.996013122139,
          -37.835622410110176,
          -4.202726032848105,
          18.126919478432658
        ],
        [
          39.85719425604142,
          -102.87036715638536,
          -37.835622410110176,
          735.7281442173062,
          -61.96389853964398,
          41.02622645866649
        ],
        [
          72.72905136421369,
          -11.264620882019813,
          -4.202726032848105,
          -61.96389853964398,
          862.1833088884505,
          -97.56542258469838
        ],
        [
          -69.02439204134662,
          -24.82790264863743,
          18.126919478432658,
          41.02622645866649,
          -97.56542258469838,
          688.9815901523326
        ]
      ],
      "eigenvalues": [
        943.81295528957,
        767.0504713831573,
        649.4964318827723,
        441.10544928207753,
        352.87677917027065,
        249.66333842645977
      ],
      "eigenvectors": [
        [
          -0.11140410736839088,
          -0.1914423452866138,
          0.10018342273413369,
          -0.29442393414435347,
          0.06922379832022912,
          0.9216424728987748
        ],
        [
          -0.055864426111113696,
          0.345637952285217,
          0.03916452017226196,
          0.81921674163371,
          0.3415436178174394,
          0.2968359808888693
        ],
        [
          0.0011688079309177181,
          0.12969454976260808,
          -0.07223216381803399,
          0.2684650139396432,
          -0.9324740926335049,
          0.19073299404604727
        ],
        [
          0.33662650107116415,
          -0.8506692204762398,
          0.09529297897015816,
          0.3915155902207585,
          -0.016656775635513852,
          -0.02004541617041789
        ],
        [
          -0.8381016783566554,
          -0.3189684253198036,
          -0.4163486318886942,
          0.1249059002891886,
          0.00585311827180374,
          -0.08284198324894645
        ],
        [
          0.41077378221728333,
          0.04104362455326919,
          -0.8948659126162537,
          -0.03520045748899049,
          0.09346861651668119,
          0.13718551192797654
        ]
      ],
      "invariants": {
        "I1_trace": 3404.0054254343067,
        "I2_von_mises": 725.8242904489493,
        "det": 1.827287664272156e+16
      },
      "anisotropy": 0.7354737111551294,
      "quality_flags": {
        "monocivilizational": false,
        "low_evidence": true,
        "computed_from_imputed": true,
        "x_score_provenance": "imputed_governance",
        "diagonal_inflated_by_prior": true
      },
      "decomposition": {
        "weighted_barycentre_mu_bar": [
          73.3109711753248,
          27.9461694782668,
          50.279357180162364,
          64.42373864010725,
          47.35550828454794,
          44.28841143788203
        ],
        "intra_civilizational_covariance": [
          [
            87.04771789412055,
            -75.6730248174703,
            -28.54217816979077,
            63.91918386873755,
            6.145158380017412,
            -60.728718437257356
          ],
          [
            -75.6730248174703,
            177.12172730745868,
            31.973810464292345,
            -100.9507734734167,
            -16.57648504692176,
            -24.166098579119534
          ],
          [
            -28.54217816979077,
            31.973810464292345,
            63.70046684553225,
            -42.68989990777266,
            9.229940950326382,
            16.45334624727162
          ],
          [
            63.91918386873755,
            -100.9507734734167,
            -42.68989990777266,
            329.22752308093834,
            -26.37612137807171,
            36.592352583230316
          ],
          [
            6.145158380017412,
            -16.57648504692176,
            9.229940950326382,
            -26.37612137807171,
            201.8546785632972,
            -85.29608873577622
          ],
          [
            -60.728718437257356,
            -24.166098579119534,
            16.45334624727162,
            36.592352583230316,
            -85.29608873577622,
            202.23110573496007
          ]
        ],
        "bias_term": [
          [
            45.0194159102638,
            3.591514574783265,
            -9.082238880852625,
            -24.061989612696166,
            66.58389298419645,
            -8.295673604089309
          ],
          [
            3.591514574783265,
            0.286520308628434,
            -0.7245538986392929,
            -1.919593682968674,
            5.311864164902032,
            -0.661804069517902
          ],
          [
            -9.082238880852625,
            -0.7245538986392929,
            1.8322552929893794,
            4.854277497662464,
            -13.432666983174455,
            1.6735732311610363
          ],
          [
            -24.061989612696166,
            -1.919593682968674,
            4.854277497662464,
            12.86065872723815,
            -35.58777716157224,
            4.433873875436183
          ],
          [
            66.58389298419645,
            5.311864164902032,
            -13.432666983174455,
            -35.58777716157224,
            98.47783928978448,
            -12.26933384892219
          ],
          [
            -8.295673604089309,
            -0.661804069517902,
            1.6735732311610363,
            4.433873875436183,
            -12.26933384892219,
            1.5286337939780896
          ]
        ],
        "prior_variance_inflation": [
          [
            166.27638624154415,
            0.0,
            0.0,
            0.0,
            0.0,
            0.0
          ],
          [
            0.0,
            277.3646013920633,
            0.0,
            0.0,
            0.0,
            0.0
          ],
          [
            0.0,
            0.0,
            298.46329098361736,
            0.0,
            0.0,
            0.0
          ],
          [
            0.0,
            0.0,
            0.0,
            393.6399624091296,
            0.0,
            0.0
          ],
          [
            0.0,
            0.0,
            0.0,
            0.0,
            561.8507910353687,
            0.0
          ],
          [
            0.0,
            0.0,
            0.0,
            0.0,
            0.0,
            485.2218506233945
          ]
        ],
        "trace_intra": 1061.183219426307,
        "trace_bias": 160.00532332288233,
        "trace_prior_inflation": 2182.8168826851174
      }
    },
    {
      "iso3": "ARG",
      "M": [
        [
          475.68603706292055,
          -404.48856990101945,
          -88.31661166207766,
          -229.6949765933092,
          343.7158912590036,
          -192.09546297288657
        ],
        [
          -404.48856990101945,
          425.31744958134556,
          56.988291247603655,
          81.86870181056398,
          -219.52983879473484,
          95.4208022651708
        ],
        [
          -88.31661166207766,
          56.988291247603655,
          88.82069428228291,
          84.8188295032867,
          -69.95536764295358,
          39.06095399193764
        ],
        [
          -229.6949765933092,
          81.86870181056398,
          84.8188295032867,
          630.3977706438584,
          -396.67369608060625,
          165.3678508442564
        ],
        [
          343.7158912590036,
          -219.52983879473484,
          -69.95536764295358,
          -396.67369608060625,
          562.1191245197514,
          -234.4759415864571
        ],
        [
          -192.09546297288657,
          95.4208022651708,
          39.06095399193764,
          165.3678508442564,
          -234.4759415864571,
          256.55934203202116
        ]
      ],
      "eigenvalues": [
        1499.436393590543,
        534.832163778613,
        199.404662712418,
        121.71494613363419,
        67.67842266616319,
        15.833829240808079
      ],
      "eigenvectors": [
        [
          -0.49750153941152647,
          0.40933721089800745,
          0.1049838311528435,
          0.18601826771399466,
          -0.0020654115592415225,
          0.7343749719357597
        ],
        [
          0.36623664895406227,
          -0.6104826409963917,
          -0.2888566550885891,
          0.05622544562911552,
          0.16506242687209557,
          0.6159030681161629
        ],
        [
          0.10958962139091126,
          -0.0018576261540829513,
          -0.12042992511700193,
          -0.2444478621803921,
          -0.9437680461303927,
          0.15175775111485604
        ],
        [
          0.47938595934132155,
          0.6501626923287286,
          -0.5098068608590309,
          -0.21028312433447024,
          0.1882233828557555,
          0.08903654237328466
        ],
        [
          -0.5482260132672513,
          -0.1856709237916599,
          -0.4185829818487282,
          -0.6802309167879272,
          0.16063014493343244,
          -0.035308499353479884
        ],
        [
          0.27566354581800057,
          0.05064902371806663,
          0.6752200478892082,
          -0.6289261113055477,
          0.14429802181043885,
          0.2217029549907391
        ]
      ],
      "invariants": {
        "I1_trace": 2438.90041812218,
        "I2_von_mises": 1550.3500702663632,
        "det": 20857438441198.11
      },
      "anisotropy": 0.989440146105236,
      "quality_flags": {
        "monocivilizational": false,
        "low_evidence": false,
        "computed_from_imputed": false,
        "x_score_provenance": "observed",
        "diagonal_inflated_by_prior": false
      },
      "decomposition": {
        "weighted_barycentre_mu_bar": [
          66.6264570870418,
          33.433511109115784,
          51.29799193319812,
          67.16775716117495,
          40.20812794813389,
          54.991466859851805
        ],
        "intra_civilizational_covariance": [
          [
            164.99404762159483,
            -182.9858927310613,
            -5.436868249669969,
            102.25074365799048,
            -12.481808828228251,
            -68.5598543349542
          ],
          [
            -182.9858927310613,
            267.40080653662903,
            -2.0994408887101694,
            -154.78646861396487,
            34.41537657105662,
            7.348148418104637
          ],
          [
            -5.436868249669969,
            -2.0994408887101694,
            66.71181442201294,
            -3.730528240840628,
            25.063412984136534,
            6.106774630512499
          ],
          [
            102.25074365799048,
            -154.78646861396487,
            -3.730528240840628,
            275.7444003033812,
            -16.109323243301425,
