{
  "_meta": {
    "schema": "distance_matrix.schema.json",
    "n_states": 62,
    "hybrid_weights": {
      "alpha": 0.4,
      "beta": 0.4,
      "gamma": 0.2
    },
    "hybrid_components_normalised_by": "panel_median",
    "hybrid_components": [
      "d_score_mahalanobis_intra",
      "d_w_wasserstein",
      "d_M_frobenius"
    ],
    "panel_medians": {
      "d_viz": 1.5945218719101975,
      "d_score_euclidean": 69.62758074211685,
      "d_score_mahalanobis_centroids": 5.551903937893127,
      "d_score_mahalanobis_intra": 5.806015010484636,
      "d_w_cosine": 0.4717270504400043,
      "d_w_js": 0.3868851085140111,
      "d_w_wasserstein": 42.3310853423661,
      "d_M_frobenius": 2085.2349834807887
    },
    "affinity_beta": 0.05
  },
  "iso3_order": [
    "ARG",
    "AUS",
    "BGD",
    "BGR",
    "BLR",
    "BOL",
    "BRA",
    "CAN",
    "CHL",
    "CHN",
    "COL",
    "DEU",
    "DNK",
    "ECU",
    "EGY",
    "ESP",
    "ETH",
    "FIN",
    "FJI",
    "FRA",
    "GBR",
    "GHA",
    "GRC",
    "GTM",
    "HKG",
    "IDN",
    "IND",
    "IRL",
    "IRN",
    "IRQ",
    "ITA",
    "JOR",
    "JPN",
    "KEN",
    "KOR",
    "MAR",
    "MEX",
    "MMR",
    "MNG",
    "MYS",
    "NGA",
    "NLD",
    "NOR",
    "NZL",
    "PAK",
    "PER",
    "ROU",
    "RUS",
    "SGP",
    "SRB",
    "SWE",
    "THA",
    "TUR",
    "TWN",
    "UKR",
    "URY",
    "USA",
    "VEN",
    "VNM",
    "ZAF",
    "ZMB",
    "ZWE"
  ],
  "matrices": {
    "d_viz": [
      [
        0.0,
        1.4866068747318506,
        1.3756816492197605,
        1.63783393541592,
        2.1272047386182646,
        0.7810249675906655,
        0.4924428900898053,
        1.5572411502397434,
        0.44721359549995787,
        2.0934421415458324,
        0.5408326913195984,
        2.0615528128088303,
        2.6100766272276377,
        0.570087712549569,
        2.079663434308542,
        1.285496013218244,
        1.392838827718412,
        1.724093964956667,
        0.3201562118716425,
        1.9697715603592207,
        1.680773631397161,
        0.9617692030835672,
        0.7810249675906654,
        0.73824115301167,
        1.2776932339180638,
        1.0735455276791945,
        0.8500000000000001,
        0.8321658488546619,
        1.1629703349613008,
        1.9906029237394383,
        1.019803902718557,
        1.8384776310850237,
        2.5578311124857325,
        1.6101242188104619,
        2.2522211259110416,
        1.691892431568863,
        0.2061552812808831,
        0.7071067811865476,
        1.3601470508735443,
        0.9192388155425119,
        1.7677669529663689,
        2.280898945591409,
        2.7101660465735304,
        1.7327723451163457,
        1.746424919657298,
        0.3535533905932738,
        1.0793516572461452,
        1.8200274723201297,
        1.382931668593933,
        1.5008331019803633,
        2.924790590794493,
        0.6020797289396148,
        1.3238202294873727,
        1.4637281168304448,
        1.7,
        0.7106335201775947,
        1.0295630140987,
        0.5024937810560446,
        1.070046727951635,
        0.65,
        1.1236102527122116,
        1.1853269591129698
      ],
      [
        1.4866068747318506,
        0.0,
        2.7735356496717327,
        2.706011825546961,
        2.850438562747845,
        2.262741699796952,
        1.7442763542512407,
        0.07071067811865482,
        1.0630145812734648,
        2.611991577321795,
        1.5041608956491324,
        1.0295630140987,
        1.141271221051333,
        2.0554804791094465,
        3.510697936308391,
        0.7158910531638176,
        2.80178514522438,
        0.42720018726587655,
        1.8034688796871434,
        0.7280109889280517,
        0.3807886552931954,
        2.430020576044573,
        1.708800749063506,
        2.2102036105300344,
        1.65,
        2.522399651125888,
        2.152324325003088,
        0.680073525436772,
        2.600480724789169,
        3.412110783664563,
        0.8062257748298549,
        3.2449961479175906,
        1.8821530224718712,
        3.080990100600779,
        1.5913830462839547,
        3.079366818032564,
        1.6101242188104619,
        1.972308292331602,
        2.4041630560342613,
        2.3505318547086316,
        3.2101401838549046,
        0.95,
        1.2349089035228469,
        0.25000000000000017,
        3.162277660168379,
        1.83983694929741,
        2.2192341021172144,
        2.737243138634199,
        2.059732992404598,
        2.326478024826368,
        1.458903697986951,
        1.6101242188104619,
        2.666927070618917,
        0.8732124598286489,
        2.5179356624028344,
        0.7778174593052022,
        0.6082762530298219,
        1.8607794065928396,
        1.903943276465977,
        1.983053201505194,
        2.586986664055306,
        2.631539473388153
      ],
      [
        1.3756816492197605,
        2.7735356496717327,
        0.0,
        0.8544003745317532,
        1.5976545308670456,
        0.7017834423809101,
        1.5,
        2.8429737951659,
        1.724093964956667,
        1.8248287590894658,
        1.7564168070250297,
        3.0401480227120525,
        3.824264635194589,
        0.95,
        0.7433034373659252,
        2.3345235059857505,
        0.050000000000000044,
        2.9025850547399985,
        1.0793516572461452,
        3.0777426793024785,
        2.8692333470807143,
        0.9394147114027969,
        1.1800423721205946,
        0.9708243919473799,
        1.680773631397161,
        0.3535533905932738,
        0.6363961030678928,
        2.0940391591371923,
        0.25495097567963926,
        0.6403124237432847,
        2.0862646045025066,
        0.47169905660283024,
        3.1953090617340916,
        0.5,
        2.954657340538832,
        0.31622776601683783,
        1.3729530217745982,
        0.8139410298049853,
        0.8500000000000001,
        0.4609772228646444,
        0.4716990566028301,
        3.3970575502926055,
        3.9322385482063518,
        3.023243291566195,
        0.39051248379533265,
        1.0688779163215976,
        0.7433034373659253,
        1.1704699910719625,
        1.3729530217745982,
        1.2,
        4.124184767926868,
        1.2020815280171309,
        0.20000000000000007,
        2.420743687382041,
        1.2658988901172163,
        2.0155644370746373,
        2.396351393264352,
        1.3509256086106296,
        1.1884864324004714,
        0.7905694150420949,
        0.3807886552931954,
        0.2692582403567252
      ],
      [
        1.63783393541592,
        2.706011825546961,
        0.8544003745317532,
        0.0,
        0.7433034373659253,
        1.3124404748406688,
        1.9697715603592207,
        2.7681221071332818,
        1.8006943105369104,
        1.0,
        2.1505813167606567,
        2.670674072214728,
        3.6034705493454506,
        1.484082207965583,
        1.3238202294873727,
        2.1023796041628637,
        0.9013878188659974,
        2.7064737205448717,
        1.4577379737113252,
        2.8040149785619906,
        2.685609800399157,
        1.662077013859466,
        1.0111874208078342,
        1.6007810593582121,
        1.2103718436910205,
        1.0700467279516348,
        0.8276472678623424,
        2.079663434308542,
        1.0124228365658294,
        1.2165525060596438,
        1.9137659209004636,
        1.0547511554864493,
        2.6076809620810595,
        1.3341664064126333,
        2.420743687382041,
        0.8999999999999999,
        1.7392527130926085,
        0.9340770846134702,
        0.3041381265149109,
        1.0259142264341596,
        1.2010412149464313,
        3.106444913401813,
        3.7151715976519846,
        2.9410882339705484,
        1.05,
        1.4773286702694157,
        0.5590169943749473,
        0.31622776601683794,
        0.7778174593052023,
        0.5,
        3.874390274610961,
        1.1510864433221337,
        0.6708203932499369,
        2.1095023109728985,
        0.4609772228646444,
        2.059732992404598,
        2.5044959572736385,
        1.8560711193270585,
        0.8077747210701756,
        1.0124228365658292,
        1.1510864433221337,
        1.0547511554864493
      ],
      [
        2.1272047386182646,
        2.850438562747845,
        1.5976545308670456,
        0.7433034373659253,
        0.0,
        1.9912307751739877,
        2.5401771591761073,
        2.9017236257093817,
        2.1505813167606567,
        0.3905124837953327,
        2.666927070618917,
        2.5347583711273147,
        3.5584406697316178,
        2.1213203435596424,
        2.0,
        2.159282288168918,
        1.6446884203398526,
        2.737243138634199,
        2.0303940504246953,
        2.7540878707840823,
        2.7294688127912363,
        2.360084744241189,
        1.3656500283747663,
        2.2671568097509267,
        1.2010412149464313,
        1.7923448328934921,
        1.45,
        2.326478024826368,
        1.7442763542512407,
        1.9006577808748213,
        2.0506096654409878,
        1.7564168070250297,
        2.229910312097776,
        2.074246851269154,
        2.1219095173922944,
        1.6194134740701647,
        2.2743130831088316,
        1.4916433890176297,
        0.85146931829632,
        1.7204650534085253,
        1.9235384061671343,
        3.020347662107791,
        3.6687872655688283,
        3.056550343115585,
        1.7677669529663689,
        2.0615528128088303,
        1.131370849898476,
        0.42720018726587655,
        0.8139410298049853,
        0.6264982043070834,
        3.7909629383574828,
        1.543534904043313,
        1.4115594213493106,
        2.088659857420542,
        0.4301162633521313,
        2.3537204591879637,
        2.8044607324760316,
        2.452039967047846,
        1.077032961426901,
        1.5945218719101975,
        1.8794946129212502,
        1.7888543819998315
      ],
      [
        0.7810249675906655,
        2.262741699796952,
        0.7017834423809101,
        1.3124404748406688,
        1.9912307751739877,
        0.0,
        0.8015609770940698,
        2.333452377915607,
        1.2041594578792296,
        2.102974084481309,
        1.0688779163215976,
        2.7313000567495327,
        3.373796081567468,
        0.25495097567963926,
        1.3285330255586423,
        1.9678668654154428,
        0.7000000000000001,
        2.470323865407125,
        0.46097722286464443,
        2.692582403567252,
        2.430020576044573,
        0.3807886552931953,
        1.0,
        0.291547594742265,
        1.6007810593582124,
        0.35,
        0.5590169943749476,
        1.5945218719101975,
        0.45,
        1.25,
        1.7,
        1.118033988749895,
        3.0761176830544046,
        0.8321658488546619,
        2.7950849718747373,
        1.0012492197250393,
        0.7158910531638176,
        0.608276253029822,
        1.140175425099138,
        0.2915475947422651,
        1.0124228365658294,
        3.0103986446980735,
        3.4763486591537394,
        2.5104780421266386,
        1.019803902718557,
        0.43011626335213143,
        0.8746427842267952,
        1.591383046283955,
        1.4705441169852744,
        1.4326548781894404,
        3.6857021040773223,
        0.912414379544733,
        0.7433034373659253,
        2.1077238908357994,
        1.5811388300841898,
        1.4849242404917498,
        1.8027756377319946,
        0.6499999999999999,
        1.176860229593982,
        0.5024937810560446,
        0.36400549446402586,
        0.4527692569068708
      ],
      [
        0.4924428900898053,
        1.7442763542512407,
        1.5,
        1.9697715603592207,
        2.5401771591761073,
        0.8015609770940698,
        0.0,
        1.8117670931993441,
        0.8500000000000001,
        2.545584412271571,
        0.2915475947422651,
        2.4682990094394968,
        2.8853076092507015,
        0.55,
        2.110094784600919,
        1.7029386365926402,
        1.5008331019803633,
        2.0554804791094465,
        0.51478150704935,
        2.328626204439004,
        2.0081085628023203,
        0.7632168761236873,
        1.241974234837422,
        0.5852349955359812,
        1.7677669529663689,
        1.1510864433221337,
        1.1423659658795864,
        1.176860229593982,
        1.2509996003196804,
        2.039607805437114,
        1.4500000000000002,
        1.91637678967368,
        3.026549190084311,
        1.5811388300841898,
        2.716615541441225,
        1.8027756377319946,
        0.29154759474226505,
        1.0547511554864493,
        1.724093964956667,
        1.0547511554864493,
        1.7951323071016243,
        2.6248809496813372,
        2.9769951293208394,
        1.9723082923316022,
        1.8172781845386246,
        0.49244289008980524,
        1.4326548781894404,
        2.195449840010015,
        1.83983694929741,
        1.9209372712298547,
        3.202951763608063,
        1.0700467279516348,
        1.5132745950421556,
        1.9,
        2.110094784600919,
        1.0307764064044151,
        1.1800423721205946,
        0.158113883008419,
        1.520690632574555,
        0.9617692030835673,
        1.1597413504743201,
        1.2539936203984452
      ],
      [
        1.5572411502397434,
        0.07071067811865482,
        2.8429737951659,
        2.7681221071332818,
        2.9017236257093817,
        2.333452377915607,
        1.8117670931993441,
        0.0,
        1.1335784048754634,
        2.657536453183662,
        1.5692354826475217,
        1.0124228365658292,
        1.0735455276791945,
        2.12602916254693,
        3.5805027579936315,
        0.7566372975210778,
        2.871410803072246,
        0.40311288741492746,
        1.8741664813991312,
        0.6964194138592059,
        0.36055512754639885,
        2.5,
        1.7734147850968198,
        2.280350850198276,
        1.7007351351694948,
        2.5927784324928345,
        2.220923231451281,
        0.7499999999999999,
        2.6706740722147284,
        3.4817380717107365,
        0.8631338250816034,
        3.31436268383531,
        1.876832437912346,
        3.151586901863885,
        1.5913830462839549,
        3.148412298286233,
        1.6800297616411444,
        2.040833163195855,
        2.466779276708802,
        2.420743687382041,
        3.280243893371345,
        0.9013878188659973,
        1.16619037896906,
        0.18027756377319956,
        3.2318725222384623,
        1.9104973174542799,
        2.2847319317591728,
        2.7950849718747373,
        2.1148285982556603,
        2.3837994882120435,
        1.3911865439257238,
        1.6770509831248424,
        2.735415873317986,
        0.9013878188659973,
        2.5739075352467498,
        0.848528137423857,
        0.6670832032063166,
        1.929378138157474,
        1.96468827043885,
        2.052437575177379,
        2.6575364531836625,
        2.701851217221259
      ],
      [
        0.44721359549995787,
        1.0630145812734648,
        1.724093964956667,
        1.8006943105369104,
        2.1505813167606567,
        1.2041594578792296,
        0.8500000000000001,
        1.1335784048754634,
        0.0,
        2.0353132437047616,
        0.7433034373659253,
        1.6278820596099706,
        2.170829334609241,
        1.0124228365658294,
        2.454587541726715,
        0.8558621384311845,
        1.7492855684535902,
        1.2776932339180638,
        0.7500000000000001,
        1.5231546211727816,
        1.2349089035228469,
        1.408900280360537,
        0.8062257748298549,
        1.1853269591129698,
        1.101135777277262,
        1.4603081866510235,
        1.1236102527122116,
        0.3905124837953328,
        1.5402921800749365,
        2.358495283014151,
        0.6000000000000001,
        2.195449840010015,
        2.1868927728629037,
        2.0180436070610566,
        1.874166481399131,
        2.0353132437047616,
        0.6184658438426491,
        0.9486832980505138,
        1.5,
        1.2903487900563941,
        2.1505813167606567,
        1.8337120820892248,
        2.272663635472702,
        1.3124404748406688,
        2.1095023109728985,
        0.7905694150420948,
        1.2589678312014172,
        1.91637678967368,
        1.346291201783626,
        1.5402921800749363,
        2.484028985338134,
        0.6499999999999999,
        1.6347782724271815,
        1.05,
        1.746424919657298,
        0.2915475947422651,
        0.7071067811865476,
        0.912414379544733,
        1.0793516572461452,
        0.9394147114027968,
        1.523975065412817,
        1.5700318468107581
      ],
      [
        2.0934421415458324,
        2.611991577321795,
        1.8248287590894658,
        1.0,
        0.3905124837953327,
        2.102974084481309,
        2.545584412271571,
        2.657536453183662,
        2.0353132437047616,
        0.0,
        2.631539473388153,
        2.1982947936980604,
        3.238054971738436,
        2.191460700081113,
        2.313547060251855,
        1.9026297590440446,
        1.8741664813991312,
        2.4545875417267156,
        2.0554804791094465,
        2.4418230894149557,
        2.452039967047846,
        2.482438317461282,
        1.3124404748406686,
        2.358495283014151,
        0.982344135219425,
        1.9608671551127579,
        1.5443445211480502,
        2.1505813167606567,
        1.9300259065618783,
        2.209072203437452,
        1.8337120820892248,
        2.052437575177379,
        1.8439088914585775,
        2.3194827009486403,
        1.74928556845359,
        1.9,
        2.2638462845343543,
        1.5402921800749363,
        0.9962429422585637,
        1.8580904176062045,
        2.200568108466539,
        2.692582403567252,
        3.3470135942359125,
        2.80178514522438,
        2.05,
        2.0934421415458324,
        1.2298373876248845,
        0.7071067811865475,
        0.7106335201775947,
        0.6708203932499369,
        3.4570073763299956,
        1.4916433890176297,
        1.6278820596099708,
        1.8027756377319946,
        0.5590169943749475,
        2.2005681084665385,
        2.640549185302179,
        2.478911051248108,
        1.0259142264341596,
        1.6507574019219178,
        2.0554804791094465,
        1.9780040444852482
      ],
      [
        0.5408326913195984,
        1.5041608956491324,
        1.7564168070250297,
        2.1505813167606567,
        2.666927070618917,
        1.0688779163215976,
        0.2915475947422651,
        1.5692354826475217,
        0.7433034373659253,
        2.631539473388153,
        0.0,
        2.300543414065468,
        2.640075756488817,
        0.8139410298049854,
        2.390083680543424,
        1.5572411502397439,
        1.7613914953808538,
        1.8439088914585775,
        0.7071067811865476,
        2.1289668856043766,
        1.7951323071016243,
        1.0547511554864495,
        1.3200378782444087,
        0.873212459828649,
        1.7804493814764855,
        1.4142135623730951,
        1.3341664064126335,
        1.0,
        1.5132745950421556,
        2.316246964380094,
        1.3238202294873727,
        2.186892772862904,
        2.923183196448693,
        1.8668154702594468,
        2.6086394921491163,
        2.065187642806338,
        0.4123105625617662,
        1.2175795661885922,
        1.8848076824970763,
        1.3009611831257688,
        2.074246851269154,
        2.4135036772294343,
        2.728094573140748,
        1.7219175357722565,
        2.088659857420542,
        0.7017834423809101,
        1.5976545308670458,
        2.350531854708632,
        1.9209372712298547,
        2.040833163195855,
        2.957177708559295,
        1.140175425099138,
        1.7507141400011597,
        1.7677669529663689,
        2.2388613177238113,
        0.85,
        0.9178779875342911,
        0.4472135954999581,
        1.6101242188104619,
        1.140175425099138,
        1.4317821063276355,
        1.5206906325745548
      ],
      [
        2.0615528128088303,
        1.0295630140987,
        3.0401480227120525,
        2.670674072214728,
        2.5347583711273147,
        2.7313000567495327,
        2.4682990094394968,
        1.0124228365658292,
        1.6278820596099706,
        2.1982947936980604,
        2.300543414065468,
        0.0,
        1.0547511554864495,
        2.5932604959779884,
        3.771604433129222,
        0.7762087348130011,
        3.0805843601498726,
        0.6103277807866851,
        2.324327859833892,
        0.36055512754639896,
        0.6519202405202649,
        3.00416377715996,
        1.8601075237738274,
        2.782984010015149,
        1.4603081866510232,
        2.890069203323685,
        2.4129857024027306,
        1.3009611831257686,
        2.9415132160165456,
        3.6623080154459973,
        1.0440306508910548,
        3.4828149534536,
        0.8902246907382427,
        3.4557922391254947,
        0.6499999999999999,
        3.3034073318317856,
        2.245551157288562,
        2.247220505424423,
        2.408318915758459,
        2.71016604657353,
        3.510697936308391,
        0.5024937810560445,
        1.1597413504743201,
        1.0259142264341596,
        3.420526275297414,
        2.3717082451262845,
        2.3377339455121917,
        2.5811818998280613,
        1.900657780874821,
        2.1914607000811124,
        1.2587295182047653,
        1.8607794065928394,
        2.881405906844782,
        0.6264982043070834,
        2.33238075793812,
        1.4508618128546908,
        1.5524174696260025,
        2.5401771591761073,
        1.909188309203678,
        2.3070543990118653,
        2.9769951293208385,
        2.9841246622753546
      ],
      [
        2.6100766272276377,
        1.141271221051333,
        3.824264635194589,
        3.6034705493454506,
        3.5584406697316178,
        3.373796081567468,
        2.8853076092507015,
        1.0735455276791945,
        2.170829334609241,
        3.238054971738436,
        2.640075756488817,
        1.0547511554864495,
        0.0,
        3.1800157232315693,
        4.567548576643712,
        1.5116216457830975,
        3.857784338192067,
        0.9219544457292889,
        2.9206163733020465,
        0.8077747210701759,
        0.9552486587271402,
        3.5640566774393476,
        2.68001865665148,
        3.342528982671654,
        2.4166091947189146,
        3.606937759374287,
        3.189043743820395,
        1.7804493814764855,
        3.6769552621700474,
        4.463742824133129,
        1.7414074767268,
        4.289813515760329,
        1.8069310999592654,
        4.17432629294836,
        1.6568041525780892,
        4.116430492550555,
        2.745906043549196,
        3.010398644698074,
        3.3185087012090237,
        3.429650127928504,
        4.2793106921559225,
        0.5522680508593633,
        0.11180339887498919,
        0.9192388155425117,
        4.214558102577303,
        2.960152023123137,
        3.1910029771217703,
        3.558791929854849,
        2.863564212655271,
        3.1535694062442956,
        0.3176476034853718,
        2.6248809496813372,
        3.693913913452776,
        1.4983324063771697,
        3.315493930020081,
        1.9006577808748215,
        1.7269916039170545,
        3.001666203960727,
        2.8040149785619906,
        3.04138126514911,
        3.67967389859482,
        3.7124789561693143
      ],
      [
        0.570087712549569,
        2.0554804791094465,
        0.95,
        1.484082207965583,
        2.1213203435596424,
        0.25495097567963926,
        0.55,
        2.12602916254693,
        1.0124228365658294,
        2.191460700081113,
        0.8139410298049854,
        2.5932604959779884,
        3.1800157232315693,
        0.0,
        1.5811388300841898,
        1.8200274723201297,
        0.9513148795220223,
        2.2896506283710623,
        0.26925824035672524,
        2.5268557536986553,
        2.247220505424423,
        0.41231056256176596,
        0.9823441352194251,
        0.19999999999999996,
        1.5787653403846944,
        0.6020797289396148,
        0.6726812023536856,
        1.4008925726121901,
        0.70178344238091,
        1.5041608956491324,
        1.5508062419270825,
        1.3729530217745982,
        3.003747659175118,
        1.0735455276791943,
        2.71154937259125,
        1.2539936203984452,
        0.4716990566028302,
        0.6519202405202649,
        1.2747548783981961,
        0.5099019513592785,
        1.2649110640673518,
        2.8412145290350743,
        3.280243893371345,
        2.3005434140654684,
        1.2747548783981961,
        0.22360679774997905,
        0.9899494936611666,
        1.7414074767268,
        1.5206906325745548,
        1.5305227865013966,
        3.4944813635216314,
        0.8558621384311845,
        0.9708243919473799,
        1.9780040444852482,
        1.6985287751463027,
        1.2806248474865698,
        1.5700318468107581,
        0.40311288741492746,
        1.2083045973594573,
        0.5408326913195984,
        0.618465843842649,
        0.7071067811865475
      ],
      [
        2.079663434308542,
        3.510697936308391,
        0.7433034373659252,
        1.3238202294873727,
        2.0,
        1.3285330255586423,
        2.110094784600919,
        3.5805027579936315,
        2.454587541726715,
        2.313547060251855,
        2.390083680543424,
        3.771604433129222,
        4.567548576643712,
        1.5811388300841898,
        0.0,
        3.076117683054405,
        0.7106335201775947,
        3.645888094826829,
        1.7670597047072294,
        3.819031290785662,
        3.6124783736376886,
        1.40356688476182,
        1.9144189719076647,
        1.5297058540778354,
        2.3753947040439405,
        1.0062305898749053,
        1.3793114224133722,
        2.830635970943632,
        0.9178779875342908,
        0.11180339887498958,
        2.8293108701590217,
        0.291547594742265,
        3.8694314827891705,
        0.5499999999999999,
        3.647259244967377,
        0.4716990566028303,
        2.0426698215815495,
        1.5572411502397436,
        1.4577379737113252,
        1.1661903789690602,
        0.3162277660168379,
        4.137934267240117,
        4.675467891024383,
        3.7606515392947535,
        0.3535533905932738,
        1.746424919657298,
        1.4422205101855958,
        1.6070158679988198,
        2.0155644370746373,
        1.7867568385205637,
        4.867381226080406,
        1.9448650338776725,
        0.8902246907382427,
        3.1563428204173256,
        1.7846568297574747,
        2.745906043549196,
        3.1088583113419626,
        1.9525624189766635,
        1.886796226411321,
        1.5305227865013966,
        0.9656603957913983,
        0.8944271909999159
      ],
      [
        1.285496013218244,
        0.7158910531638176,
        2.3345235059857505,
        2.1023796041628637,
        2.159282288168918,
        1.9678668654154428,
        1.7029386365926402,
        0.7566372975210778,
        0.8558621384311845,
        1.9026297590440446,
        1.5572411502397439,
        0.7762087348130011,
        1.5116216457830975,
        1.8200274723201297,
        3.076117683054405,
        0.0,
        2.3711811402758753,
        0.6041522986797286,
        1.5508062419270823,
        0.7433034373659253,
        0.5852349955359812,
        2.229910312097776,
        1.1715374513859982,
        2.0081085628023203,
        0.9617692030835672,
        2.1505813167606567,
        1.6985287751463027,
        0.570087712549569,
        2.2102036105300344,
        2.9698484809834995,
        0.2692582403567252,
        2.7932955446926844,
        1.3928388277184118,
        2.720294101747089,
        1.0770329614269007,
        2.61725046566048,
        1.4713938969562164,
        1.523975065412817,
        1.8117670931993441,
        1.9704060495238032,
        2.798660393831306,
        1.0630145812734648,
        1.622498073958795,
        0.9000000000000001,
        2.7225906780123963,
        1.5976545308670456,
        1.6800297616411444,
        2.08806130178211,
        1.3946325680981353,
        1.6763054614240211,
        1.7991386828146405,
        1.1335784048754634,
        2.193171219946131,
        0.2236067977499789,
        1.8553975315279472,
        0.7158910531638177,
        0.9604686356149273,
        1.7677669529663689,
        1.2971121771072847,
        1.5700318468107581,
        2.2327113561766105,
        2.25
      ],
      [
        1.392838827718412,
        2.80178514522438,
        0.050000000000000044,
        0.9013878188659974,
        1.6446884203398526,
        0.7000000000000001,
        1.5008331019803633,
        2.871410803072246,
        1.7492855684535902,
        1.8741664813991312,
        1.7613914953808538,
        3.0805843601498726,
        3.857784338192067,
        0.9513148795220223,
        0.7106335201775947,
        2.3711811402758753,
        0.0,
        2.9364093720052047,
        1.0920164833920778,
        3.1144823004794873,
        2.9025850547399985,
        0.9192388155425119,
        1.2206555615733703,
        0.9617692030835672,
        1.7269916039170545,
        0.35000000000000003,
        0.6726812023536856,
        2.1219095173922944,
        0.25,
        0.6103277807866849,
        2.1213203435596424,
        0.4472135954999579,
        3.242298567374695,
        0.44999999999999996,
        3.0004166377355,
        0.3041381265149109,
        1.3829316685939332,
        0.8485281374238571,
        0.9000000000000001,
        0.47434164902525694,
        0.4301162633521312,
        3.434020966738555,
        3.9654760117796704,
        3.0516389039334255,
        0.36055512754639885,
        1.0793516572461452,
        0.790569415042095,
        1.2175795661885922,
        1.4221462653327894,
        1.25,
        4.15865362827923,
        1.2379418403139948,
        0.2500000000000001,
        2.460182920028509,
        1.3152946437965907,
        2.040833163195855,
        2.4166091947189146,
        1.35,
        1.2349089035228469,
        0.8200609733428363,
        0.3640054944640259,
        0.2549509756796392
      ],
      [
        1.724093964956667,
        0.42720018726587655,
        2.9025850547399985,
        2.7064737205448717,
        2.737243138634199,
        2.470323865407125,
        2.0554804791094465,
        0.40311288741492746,
        1.2776932339180638,
        2.4545875417267156,
        1.8439088914585775,
        0.6103277807866851,
        0.9219544457292889,
        2.2896506283710623,
        3.645888094826829,
        0.6041522986797286,
        2.9364093720052047,
        0.0,
        2.024845673131659,
        0.3041381265149109,
        0.050000000000000044,
        2.685609800399157,
        1.7613914953808538,
        2.462214450449026,
        1.5524174696260025,
        2.6907248094147422,
        2.2671568097509267,
        0.8944271909999159,
        2.758622844826744,
        3.5418921496849674,
        0.8200609733428362,
        3.3678628238097823,
        1.4849242404917498,
        3.2596012026013246,
        1.2103718436910205,
        3.1945265689926576,
        1.8788294228055937,
        2.0886598574205424,
        2.4150569351466644,
        2.5124689052802225,
        3.3589432862136865,
        0.5700877125495689,
        1.030776406404415,
        0.4301162633521314,
        3.2927951652053915,
        2.0670026608594387,
        2.2743130831088316,
        2.687936011143122,
        1.9924858845171274,
        2.27705950734714,
        1.223478647136925,
        1.7029386365926402,
        2.7721832551258223,
        0.6519202405202649,
        2.452039967047846,
        1.0307764064044151,
        1.0012492197250393,
        2.1540659228538015,
        1.9006577808748213,
        2.1213203435596424,
        2.7658633371878665,
        2.795084971874737
      ],
      [
        0.3201562118716425,
        1.8034688796871434,
        1.0793516572461452,
        1.4577379737113252,
        2.0303940504246953,
        0.46097722286464443,
        0.51478150704935,
        1.8741664813991312,
        0.7500000000000001,
        2.0554804791094465,
        0.7071067811865476,
        2.324327859833892,
        2.9206163733020465,
        0.26925824035672524,
        1.7670597047072294,
        1.5508062419270823,
        1.0920164833920778,
        2.024845673131659,
        0.0,
        2.2588713996153036,
        1.983053201505194,
        0.680073525436772,
        0.7826237921249265,
        0.4609772228646443,
        1.3601470508735443,
        0.7615773105863908,
        0.632455532033676,
        1.140175425099138,
        0.8544003745317532,
        1.6807736313971608,
        1.2816005617976298,
        1.5337861650177969,
        2.7504545078950136,
        1.2903487900563941,
        2.4545875417267156,
        1.3946325680981353,
        0.29999999999999993,
        0.5408326913195984,
        1.2093386622447826,
        0.6184658438426491,
        1.4534441853748632,
        2.57390753524675,
        3.022002647252315,
        2.050609665440988,
        1.439618004888797,
        0.04999999999999993,
        0.9178779875342911,
        1.6807736313971613,
        1.3601470508735445,
        1.4159802258506298,
        3.234022263374203,
        0.6324555320336759,
        1.0511898020814319,
        1.710263137648707,
        1.6007810593582121,
        1.0259142264341596,
        1.346291201783626,
        0.4242640687119285,
        1.0404326023342407,
        0.447213595499958,
        0.8062257748298549,
        0.873212459828649
      ],
      [
        1.9697715603592207,
        0.7280109889280517,
        3.0777426793024785,
        2.8040149785619906,
        2.7540878707840823,
        2.692582403567252,
        2.328626204439004,
        0.6964194138592059,
        1.5231546211727816,
        2.4418230894149557,
        2.1289668856043766,
        0.36055512754639896,
        0.8077747210701759,
        2.5268557536986553,
        3.819031290785662,
        0.7433034373659253,
        3.1144823004794873,
        0.3041381265149109,
        2.2588713996153036,
        0.0,
        0.35355339059327373,
        2.9300170647967225,
        1.91049731745428,
        2.7064737205448717,
        1.6101242188104619,
        2.890069203323685,
        2.4418230894149557,
        1.1543396380615194,
        2.9516944286290885,
        3.712478956169314,
        0.9999999999999999,
        3.5355339059327378,
        1.25,
        3.4601300553591914,
        1.0062305898749053,
        3.358943286213686,
        2.1360009363293826,
        2.2671568097509267,
        2.5238858928247927,
        2.7101660465735304,
        3.5418921496849674,
        0.3201562118716424,
        0.9192388155425117,
        0.6800735254367721,
        3.4655446902326914,
        2.303258561256204,
        2.4135036772294343,
        2.7518175811634027,
        2.0573040611440985,
        2.3478713763747794,
        1.070700705145934,
        1.876832437912346,
        2.934706118165838,
        0.6946221994724903,
        2.5079872407968904,
        1.298075498574717,
        1.3038404810405297,
        2.419194080680589,
        2.0112185361118766,
        2.311384866265244,
        2.970269348055829,
        2.990819285747636
      ],
      [
        1.680773631397161,
        0.3807886552931954,
        2.8692333470807143,
        2.685609800399157,
        2.7294688127912363,
        2.430020576044573,
        2.0081085628023203,
        0.36055512754639885,
        1.2349089035228469,
        2.452039967047846,
        1.7951323071016243,
        0.6519202405202649,
        0.9552486587271402,
        2.247220505424423,
        3.6124783736376886,
        0.5852349955359812,
        2.9025850547399985,
        0.050000000000000044,
        1.983053201505194,
        0.35355339059327373,
        0.0,
        2.6419689627245813,
        1.7334935823359716,
        2.4186773244895647,
        1.5402921800749363,
        2.65377090194312,
        2.234390297150433,
        0.85,
        2.7225906780123963,
        3.5089172119045497,
        0.7905694150420949,
        3.335416016031583,
        1.520690632574555,
        3.2221886971436047,
        1.2419742348374219,
        3.162672920173694,
        1.8337120820892248,
        2.0554804791094465,
        2.39269722280108,
        2.475883680627989,
        3.324154027718932,
        0.618465843842649,
        1.0630145812734648,
        0.4031128874149275,
        3.2596012026013246,
        2.0248456731316584,
        2.247220505424423,
        2.6725456029785533,
        1.9780040444852482,
        2.261083810919003,
        1.2599206324209475,
        1.6710774967068402,
        2.740894014733149,
        0.65,
        2.438237068047322,
        0.9848857801796105,
        0.9513148795220224,
        2.1077238908357994,
        1.8788294228055935,
        2.0862646045025066,
        2.7280945731407478,
        2.758622844826744
      ],
      [
        0.9617692030835672,
        2.430020576044573,
        0.9394147114027969,
        1.662077013859466,
        2.360084744241189,
        0.3807886552931953,
        0.7632168761236873,
        2.5,
        1.408900280360537,
        2.482438317461282,
        1.0547511554864495,
        3.00416377715996,
        3.5640566774393476,
        0.41231056256176596,
        1.40356688476182,
        2.229910312097776,
        0.9192388155425119,
        2.685609800399157,
        0.680073525436772,
        2.9300170647967225,
        2.6419689627245813,
        0.0,
        1.3583077707206124,
        0.2236067977499789,
        1.9602295783912658,
        0.610327780786685,
        0.9394147114027968,
        1.7923448328934921,
        0.6946221994724903,
        1.3499999999999999,
        1.9608671551127579,
        1.2589678312014172,
        3.409178786746157,
        0.8558621384311845,
        3.119695497961299,
        1.1884864324004711,
        0.8200609733428362,
        0.982344135219425,
        1.5116216457830975,
        0.6403124237432849,
        1.1,
        3.242298567374695,
        3.6619666847201104,
        2.6706740722147284,
        1.1597413504743201,
        0.6324555320336759,
        1.252996408614167,
        1.9525624189766635,
        1.85,
        1.8117670931993437,
        3.8801288638394476,
        1.25,
        1.0404326023342407,
        2.390083680543424,
        1.9557607215607946,
        1.6643316977093239,
        1.9091883092036783,
        0.610327780786685,
        1.5524174696260025,
        0.873212459828649,
        0.5590169943749475,
        0.670820393249937
      ],
      [
        0.7810249675906654,
        1.708800749063506,
        1.1800423721205946,
        1.0111874208078342,
        1.3656500283747663,
        1.0,
        1.241974234837422,
        1.7734147850968198,
        0.8062257748298549,
        1.3124404748406686,
        1.3200378782444087,
        1.8601075237738274,
        2.68001865665148,
        0.9823441352194251,
        1.9144189719076647,
        1.1715374513859982,
        1.2206555615733703,
        1.7613914953808538,
        0.7826237921249265,
        1.91049731745428,
        1.7334935823359716,
        1.3583077707206124,
        0.0,
        1.1768602295939818,
        0.6020797289396148,
        1.0594810050208545,
        0.5590169943749475,
        1.0688779163215976,
        1.0965856099730653,
        1.806239186818844,
        0.9433981132056604,
        1.6278820596099708,
        2.0886598574205424,
        1.6101242188104619,
        1.8200274723201295,
        1.45,
        0.95524865872714,
        0.4123105625617661,
        0.7071067811865476,
        0.8860022573334675,
        1.6507574019219178,
        2.2276669409945464,
        2.790161285660741,
        1.95,
        1.5620499351813308,
        0.8276472678623424,
        0.51478150704935,
        1.110180165558726,
