{
  "_meta": {
    "schema": "state_moment.schema.json",
    "dimension_order_score": [
      "pdi",
      "idv",
      "mas",
      "uai",
      "lto",
      "ivr"
    ],
    "matrix_field": "M",
    "definition": "M(s) = sum_i w_s[i] * (mu_i - x_s) outer (mu_i - x_s) = Cov_w(mu;w) + weight_sum * (mu_bar - x_s)(mu_bar - x_s)^T",
    "iso3_to_name_fr": {
      "AFG": "Afghanistan",
      "ALB": "Albanie",
      "DZA": "Algérie",
      "AND": "Andorre",
      "AGO": "Angola",
      "ATG": "Antigua-et-Barbuda",
      "ARG": "Argentine",
      "ARM": "Arménie",
      "AUS": "Australie",
      "AUT": "Autriche",
      "AZE": "Azerbaïdjan",
      "BHS": "Bahamas",
      "BHR": "Bahreïn",
      "BGD": "Bangladesh",
      "BRB": "Barbade",
      "BLR": "Bélarus",
      "BEL": "Belgique",
      "BLZ": "Belize",
      "BEN": "Bénin",
      "BTN": "Bhoutan",
      "BOL": "Bolivie",
      "BIH": "Bosnie-Herzégovine",
      "BWA": "Botswana",
      "BRA": "Brésil",
      "BRN": "Brunéi Darussalam",
      "BGR": "Bulgarie",
      "BFA": "Burkina Faso",
      "BDI": "Burundi",
      "CPV": "Cabo Verde",
      "KHM": "Cambodge",
      "CMR": "Cameroun",
      "CAN": "Canada",
      "CAF": "République centrafricaine",
      "TCD": "Tchad",
      "CHL": "Chili",
      "CHN": "Chine",
      "COL": "Colombie",
      "COM": "Comores",
      "COG": "Congo",
      "COD": "République démocratique du Congo",
      "CRI": "Costa Rica",
      "CIV": "Côte d'Ivoire",
      "HRV": "Croatie",
      "CUB": "Cuba",
      "CYP": "Chypre",
      "CZE": "Tchéquie",
      "DNK": "Danemark",
      "DJI": "Djibouti",
      "DMA": "Dominique",
      "DOM": "République dominicaine",
      "ECU": "Équateur",
      "EGY": "Égypte",
      "SLV": "El Salvador",
      "GNQ": "Guinée équatoriale",
      "ERI": "Érythrée",
      "EST": "Estonie",
      "SWZ": "Eswatini",
      "ETH": "Éthiopie",
      "FJI": "Fidji",
      "FIN": "Finlande",
      "FRA": "France",
      "GAB": "Gabon",
      "GMB": "Gambie",
      "GEO": "Géorgie",
      "DEU": "Allemagne",
      "GHA": "Ghana",
      "GRC": "Grèce",
      "GRD": "Grenade",
      "GTM": "Guatemala",
      "GIN": "Guinée",
      "GNB": "Guinée-Bissau",
      "GUY": "Guyana",
      "HTI": "Haïti",
      "HND": "Honduras",
      "HUN": "Hongrie",
      "ISL": "Islande",
      "IND": "Inde",
      "IDN": "Indonésie",
      "IRN": "Iran",
      "IRQ": "Iraq",
      "IRL": "Irlande",
      "ISR": "Israël",
      "ITA": "Italie",
      "JAM": "Jamaïque",
      "JPN": "Japon",
      "JOR": "Jordanie",
      "KAZ": "Kazakhstan",
      "KEN": "Kenya",
      "KIR": "Kiribati",
      "PRK": "Corée du Nord",
      "KOR": "Corée du Sud",
      "KWT": "Koweït",
      "KGZ": "Kirghizistan",
      "LAO": "Laos",
      "LVA": "Lettonie",
      "LBN": "Liban",
      "LSO": "Lesotho",
      "LBR": "Libéria",
      "LBY": "Libye",
      "LIE": "Liechtenstein",
      "LTU": "Lituanie",
      "LUX": "Luxembourg",
      "MDG": "Madagascar",
      "MWI": "Malawi",
      "MYS": "Malaisie",
      "MDV": "Maldives",
      "MLI": "Mali",
      "MLT": "Malte",
      "MHL": "Îles Marshall",
      "MRT": "Mauritanie",
      "MUS": "Maurice",
      "MEX": "Mexique",
      "FSM": "Micronésie",
      "MCO": "Monaco",
      "MDA": "Moldova",
      "MNG": "Mongolie",
      "MNE": "Monténégro",
      "MAR": "Maroc",
      "MOZ": "Mozambique",
      "MMR": "Myanmar",
      "NAM": "Namibie",
      "NRU": "Nauru",
      "NPL": "Népal",
      "NLD": "Pays-Bas",
      "NZL": "Nouvelle-Zélande",
      "NIC": "Nicaragua",
      "NER": "Niger",
      "NGA": "Nigéria",
      "MKD": "Macédoine du Nord",
      "NOR": "Norvège",
      "OMN": "Oman",
      "PAK": "Pakistan",
      "PLW": "Palaos",
      "PAN": "Panama",
      "PNG": "Papouasie-Nouvelle-Guinée",
      "PRY": "Paraguay",
      "PER": "Pérou",
      "PHL": "Philippines",
      "POL": "Pologne",
      "PRT": "Portugal",
      "QAT": "Qatar",
      "ROU": "Roumanie",
      "RUS": "Russie",
      "RWA": "Rwanda",
      "KNA": "Saint-Kitts-et-Nevis",
      "LCA": "Sainte-Lucie",
      "VCT": "Saint-Vincent-et-les Grenadines",
      "WSM": "Samoa",
      "SMR": "Saint-Marin",
      "STP": "Sao Tomé-et-Principe",
      "SAU": "Arabie saoudite",
      "SEN": "Sénégal",
      "SRB": "Serbie",
      "SYC": "Seychelles",
      "SLE": "Sierra Leone",
      "SGP": "Singapour",
      "SVK": "Slovaquie",
      "SVN": "Slovénie",
      "SLB": "Îles Salomon",
      "SOM": "Somalie",
      "ZAF": "Afrique du Sud",
      "SSD": "Soudan du Sud",
      "ESP": "Espagne",
      "LKA": "Sri Lanka",
      "SDN": "Soudan",
      "SUR": "Suriname",
      "SWE": "Suède",
      "CHE": "Suisse",
      "SYR": "Syrie",
      "TJK": "Tadjikistan",
      "TZA": "Tanzanie",
      "THA": "Thaïlande",
      "TLS": "Timor-Leste",
      "TGO": "Togo",
      "TON": "Tonga",
      "TTO": "Trinité-et-Tobago",
      "TUN": "Tunisie",
      "TUR": "Turquie",
      "TKM": "Turkménistan",
      "TUV": "Tuvalu",
      "UGA": "Ouganda",
      "UKR": "Ukraine",
      "ARE": "Émirats arabes unis",
      "GBR": "Royaume-Uni",
      "USA": "États-Unis",
      "URY": "Uruguay",
      "UZB": "Ouzbékistan",
      "VUT": "Vanuatu",
      "VEN": "Venezuela",
      "VNM": "Viet Nam",
      "YEM": "Yémen",
      "ZMB": "Zambie",
      "ZWE": "Zimbabwe"
    }
  },
  "moments": [
    {
      "iso3": "ARG",
      "M": [
        [
          475.68603706292055,
          -404.48856990101945,
          -88.31661166207766,
          -229.6949765933092,
          343.7158912590036,
          -192.09546297288657
        ],
        [
          -404.48856990101945,
          425.31744958134556,
          56.988291247603655,
          81.86870181056398,
          -219.52983879473484,
          95.4208022651708
        ],
        [
          -88.31661166207766,
          56.988291247603655,
          88.82069428228291,
          84.8188295032867,
          -69.95536764295358,
          39.06095399193764
        ],
        [
          -229.6949765933092,
          81.86870181056398,
          84.8188295032867,
          630.3977706438584,
          -396.67369608060625,
          165.3678508442564
        ],
        [
          343.7158912590036,
          -219.52983879473484,
          -69.95536764295358,
          -396.67369608060625,
          562.1191245197514,
          -234.4759415864571
        ],
        [
          -192.09546297288657,
          95.4208022651708,
          39.06095399193764,
          165.3678508442564,
          -234.4759415864571,
          256.55934203202116
        ]
      ],
      "eigenvalues": [
        1499.436393590543,
        534.832163778613,
        199.404662712418,
        121.71494613363419,
        67.67842266616319,
        15.833829240808079
      ],
      "eigenvectors": [
        [
          -0.49750153941152647,
          0.40933721089800745,
          0.1049838311528435,
          0.18601826771399466,
          -0.0020654115592415225,
          0.7343749719357597
        ],
        [
          0.36623664895406227,
          -0.6104826409963917,
          -0.2888566550885891,
          0.05622544562911552,
          0.16506242687209557,
          0.6159030681161629
        ],
        [
          0.10958962139091126,
          -0.0018576261540829513,
          -0.12042992511700193,
          -0.2444478621803921,
          -0.9437680461303927,
          0.15175775111485604
        ],
        [
          0.47938595934132155,
          0.6501626923287286,
          -0.5098068608590309,
          -0.21028312433447024,
          0.1882233828557555,
          0.08903654237328466
        ],
        [
          -0.5482260132672513,
          -0.1856709237916599,
          -0.4185829818487282,
          -0.6802309167879272,
          0.16063014493343244,
          -0.035308499353479884
        ],
        [
          0.27566354581800057,
          0.05064902371806663,
          0.6752200478892082,
          -0.6289261113055477,
          0.14429802181043885,
          0.2217029549907391
        ]
      ],
      "invariants": {
        "I1_trace": 2438.90041812218,
        "I2_von_mises": 1550.3500702663632,
        "det": 20857438441198.11
      },
      "anisotropy": 0.989440146105236,
      "quality_flags": {
        "monocivilizational": false,
        "low_evidence": false,
        "computed_from_imputed": false
      },
      "decomposition": {
        "weighted_barycentre_mu_bar": [
          66.6264570870418,
          33.433511109115784,
          51.29799193319812,
          67.16775716117495,
          40.20812794813389,
          54.991466859851805
        ],
        "intra_civilizational_covariance": [
          [
            164.99404762159483,
            -182.9858927310613,
            -5.436868249669969,
            102.25074365799048,
            -12.481808828228251,
            -68.5598543349542
          ],
          [
            -182.9858927310613,
            267.40080653662903,
            -2.0994408887101694,
            -154.78646861396487,
            34.41537657105662,
            7.348148418104637
          ],
          [
            -5.436868249669969,
            -2.0994408887101694,
            66.71181442201294,
            -3.730528240840628,
            25.063412984136534,
            6.106774630512499
          ],
          [
            102.25074365799048,
            -154.78646861396487,
            -3.730528240840628,
            275.7444003033812,
            -16.109323243301425,
            33.38145280503255
          ],
          [
            -12.481808828228251,
            34.41537657105662,
            25.063412984136534,
            -16.109323243301425,
            153.75068935160115,
            -92.84660716160582
          ],
          [
            -68.5598543349542,
            7.348148418104637,
            6.106774630512499,
            33.38145280503255,
            -92.84660716160582,
            207.43980525546567
          ]
        ],
        "bias_term": [
          [
            310.6919894413261,
            -221.50267716995813,
            -82.87974341240772,
            -331.94572025130003,
            356.19770008723214,
            -123.53560863793247
          ],
          [
            -221.50267716995813,
            157.9166430447164,
            59.087732136313804,
            236.65517042452885,
            -253.9452153657914,
            88.07265384706616
          ],
          [
            -82.87974341240772,
            59.087732136313804,
            22.10887986026996,
            88.54935774412735,
            -95.0187806270901,
            32.954179361425126
          ],
          [
            -331.94572025130003,
            236.65517042452885,
            88.54935774412735,
            354.65337034047747,
            -380.5643728373049,
            131.9863980392239
          ],
          [
            356.19770008723214,
            -253.9452153657914,
            -95.0187806270901,
            -380.5643728373049,
            408.36843516815014,
            -141.62933442485132
          ],
          [
            -123.53560863793247,
            88.07265384706616,
            32.954179361425126,
            131.9863980392239,
            -141.62933442485132,
            49.11953677655552
          ]
        ],
        "trace_intra": 1136.041563490685,
        "trace_bias": 1302.8588546314957
      }
    },
    {
      "iso3": "AUS",
      "M": [
        [
          429.6282458927745,
          -783.9503553285978,
          -114.13576740761195,
          126.40653015202781,
          305.81399642449014,
          -301.1732740756911
        ],
        [
          -783.9503553285978,
          1693.4787263413343,
          351.6058207963966,
          -252.38974149021777,
          -783.1703392685176,
          596.9158034216216
        ],
        [
          -114.13576740761195,
          351.6058207963966,
          220.01056659796438,
          -32.12301887200801,
          -262.77405372191976,
          164.91511431420915
        ],
        [
          126.40653015202781,
          -252.38974149021777,
          -32.12301887200801,
          161.06723597500482,
          101.62725054160825,
          -63.778206939318856
        ],
        [
          305.81399642449014,
          -783.1703392685176,
          -262.77405372191976,
          101.62725054160825,
          614.6347710021254,
          -391.43647592432774
        ],
        [
          -301.1732740756911,
          596.9158034216216,
          164.91511431420915,
          -63.778206939318856,
          -391.43647592432774,
          346.2194405951494
        ]
      ],
      "eigenvalues": [
        2825.5323149376604,
        327.602477404173,
        128.5351449664227,
        109.72173202510088,
        65.22834996272427,
        8.41896710826854
      ],
      "eigenvectors": [
        [
          -0.3526658108181317,
          -0.3982013702887754,
          -0.319433021901438,
          -0.1548332050774648,
          0.3122781494485974,
          -0.7025198040492849
        ],
        [
          0.7611812833683806,
          0.33152181519810275,
          -0.10703279303564031,
          -0.3445972097312001,
          0.2766208058829526,
          -0.3224500176935136
        ],
        [
          0.17901082583782288,
          -0.42997125373626366,
          -0.29679578173184024,
          -0.5467135753194926,
          -0.6144553119949722,
          0.13616550687325685
        ],
        [
          -0.11347278694328296,
          -0.22154019576371686,
          0.7351886723917603,
          -0.5554627936530455,
          0.282397040957074,
          0.09620020996329415
        ],
        [
          -0.3987086748148936,
          0.6543442683402342,
          0.11306418476100545,
          -0.3086448533370144,
          -0.4306080401684182,
          -0.34553803190510163
        ],
        [
          0.30387550610931396,
          -0.26345245464717015,
          0.49510897365252904,
          0.39317063418828124,
          -0.42806142513871764,
          -0.5052720592474147
        ]
      ],
      "invariants": {
        "I1_trace": 3465.038986404353,
        "I2_von_mises": 3030.534476381389,
        "det": 7168977339365.16
      },
      "anisotropy": 0.9970203960989014,
      "quality_flags": {
        "monocivilizational": false,
        "low_evidence": false,
        "computed_from_imputed": false
      },
      "decomposition": {
        "weighted_barycentre_mu_bar": [
          52.03317474637043,
          54.24436099169958,
          48.70020210058753,
          55.33336968794991,
          43.94793661823269,
          55.984240566429776
        ],
        "intra_civilizational_covariance": [
          [
            232.6982524306059,
            -282.1852249569792,
            58.469445859883095,
            65.59559608040223,
            -16.218408207802053,
            -90.45449799493983
          ],
          [
            -282.1852249569792,
            415.0130054494402,
            -88.18131277004731,
            -97.44733923836982,
            37.347798438368606,
            60.017729679402876
          ],
          [
            58.469445859883095,
            -88.18131277004731,
            68.72553823157297,
            21.176552513215785,
            19.480928890869208,
            -19.77569202490096
          ],
          [
            65.59559608040223,
            -97.44733923836982,
            21.176552513215785,
            142.28914312256182,
            2.1853575991632193,
            1.2906298316621108
          ],
          [
            -16.218408207802053,
            37.347798438368606,
            19.480928890869208,
            2.1853575991632193,
            88.02697596770044,
            -46.85578016812829
          ],
          [
            -90.45449799493983,
            60.017729679402876,
            -19.77569202490096,
            1.2906298316621108,
            -46.85578016812829,
            120.74640922829602
          ]
        ],
        "bias_term": [
          [
            196.9299934621687,
            -501.7651303716188,
            -172.6052132674951,
            60.810934071625795,
            322.0324046322921,
            -210.71877608075118
          ],
          [
            -501.7651303716188,
            1278.4657208918948,
            439.787133566444,
            -154.94240225184848,
            -820.5181377068864,
            536.8980737422186
          ],
          [
            -172.6052132674951,
            439.787133566444,
            151.28502836639134,
            -53.299571385223985,
            -282.25498261278887,
            184.69080633911
          ],
          [
            60.810934071625795,
            -154.94240225184848,
            -53.299571385223985,
            18.778092852443113,
            99.44189294244534,
            -65.06883677098114
          ],
          [
            322.0324046322921,
            -820.5181377068864,
            -282.25498261278887,
            99.44189294244534,
            526.6077950344247,
            -344.5806957561991
          ],
          [
            -210.71877608075118,
            536.8980737422186,
            184.69080633911,
            -65.06883677098114,
            -344.5806957561991,
            225.47303136685318
          ]
        ],
        "trace_intra": 1067.4993244301775,
        "trace_bias": 2397.539661974176
      }
    },
    {
      "iso3": "BGD",
      "M": [
        [
          96.27650103389983,
          -96.56135216460635,
          -0.6307794279313583,
          29.69318235601642,
          1.2743837167137348,
          -164.36783800644884
        ],
        [
          -96.56135216460635,
          224.97668196176943,
          -7.931608450834236,
          -56.10724308739306,
          -10.279671121571216,
          138.94656441777232
        ],
        [
          -0.6307794279313583,
          -7.931608450834236,
          80.92484188756728,
          -65.17762164935564,
          8.369039873735517,
          -83.23727666477839
        ],
        [
          29.69318235601642,
          -56.10724308739306,
          -65.17762164935564,
          340.41348664322464,
          -33.36354096830806,
          114.6421255160899
        ],
        [
          1.2743837167137348,
          -10.279671121571216,
          8.369039873735517,
          -33.36354096830806,
          212.61205240135178,
          -62.637426607448205
        ],
        [
          -164.36783800644884,
          138.94656441777232,
          -83.23727666477839,
          114.6421255160899,
          -62.637426607448205,
          591.5545240097283
        ]
      ],
      "eigenvalues": [
        734.436051047865,
        390.87706646782516,
        202.03142174214787,
        136.20291949544415,
        63.8542502634707,
        19.35637892078874
      ],
      "eigenvectors": [
        [
          -0.2561974845442153,
          -0.25860334645477134,
          0.061109822178820584,
          -0.05421682669707845,
          0.3040244651249115,
          0.8765742456046113
        ],
        [
          0.26748732474157544,
          0.45519924460857186,
          0.024251686711354147,
          0.8122989591614553,
          0.0777569503931531,
          0.23405190046826857
        ],
        [
          -0.13978703335177337,
          0.15369874777943457,
          0.06406355715791043,
          -0.04509608663376483,
          -0.9220570948440922,
          0.3170318559703623
        ],
        [
          0.2323761631183236,
          -0.8284009512370231,
          -0.13834763610235803,
          0.43126734111628645,
          -0.22533863683616914,
          -0.062000755029248136
        ],
        [
          -0.12851351641640738,
          0.11772997994851193,
          -0.9823262168657076,
          -0.013035138346688601,
          -0.005547700031034371,
          0.06677154911014187
        ],
        [
          0.879066869035125,
          0.046756471767349636,
          -0.08642014355692174,
          -0.3860516095980004,
          -0.022921973997110594,
          0.26081711741203084
        ]
      ],
      "invariants": {
        "I1_trace": 1546.7580879375412,
        "I2_von_mises": 732.0427539438315,
        "det": 9763677797279.488
      },
      "anisotropy": 0.9736445686548586,
      "quality_flags": {
        "monocivilizational": false,
        "low_evidence": false,
        "computed_from_imputed": false
      },
      "decomposition": {
        "weighted_barycentre_mu_bar": [
          74.39988092189273,
          28.72897908888972,
          50.347784566129896,
          63.894595114387485,
          46.635381560756095,
          40.168018759326614
        ],
        "intra_civilizational_covariance": [
          [
            64.91516734491881,
            -47.678029836515606,
            -26.68373983461233,
            51.5033787576011,
            -0.7675229611257555,
            -51.4245313847185
          ],
          [
            -47.678029836515606,
            148.7816060274954,
            32.677482788427774,
            -90.10308240057344,
            -7.096924389987554,
            -37.09964959672533
          ],
          [
            -26.68373983461233,
            32.677482788427774,
            59.281733444428234,
            -47.05912614952716,
            6.672756343211394,
            10.588691477942328
          ],
          [
            51.5033787576011,
            -90.10308240057344,
            -47.05912614952716,
            325.2456155382138,
            -31.94349977621315,
            36.095858189141495
          ],
          [
            -0.7675229611257555,
            -7.096924389987554,
            6.672756343211394,
            -31.94349977621315,
            212.4791057951151,
            -55.28379508478076
          ],
          [
            -51.4245313847185,
            -37.09964959672533,
            10.588691477942328,
            36.095858189141495,
            -55.28379508478076,
            184.80554333317795
          ]
        ],
        "bias_term": [
          [
            31.36133368898102,
            -48.88332232809074,
            26.052960406681066,
            -21.810196401584722,
            2.041906677839491,
            -112.9433066217303
          ],
          [
            -48.88332232809074,
            76.19507593427402,
            -40.60909123926216,
            33.995839313180426,
            -3.1827467315836575,
            176.04621401449762
          ],
          [
            26.052960406681066,
            -40.60909123926216,
            21.643108443139205,
            -18.118495499828565,
            1.696283530524126,
            -93.82596814272108
          ],
          [
            -21.810196401584722,
            33.995839313180426,
            -18.118495499828565,
            15.167871105010871,
            -1.420041192094904,
            78.5462673269486
          ],
          [
            2.041906677839491,
            -3.1827467315836575,
            1.696283530524126,
            -1.420041192094904,
            0.13294660623666152,
            -7.353631522667476
          ],
          [
            -112.9433066217303,
            176.04621401449762,
            -93.82596814272108,
            78.5462673269486,
            -7.353631522667476,
            406.74898067655033
          ]
        ],
        "trace_intra": 995.5087714833494,
        "trace_bias": 551.2493164541921
      }
    },
    {
      "iso3": "BGR",
      "M": [
        [
          137.9120281906869,
          -65.12621584968976,
          -25.03612949440219,
          41.11070720007922,
          -64.55441111304188,
          51.953609748425876
        ],
        [
          -65.12621584968976,
          134.08056805846684,
          24.50191049122873,
          -36.96160388830149,
          27.116880627840093,
          -47.5227427333693
        ],
        [
          -25.03612949440219,
          24.50191049122873,
          172.8141518609648,
          -141.43948833573762,
          -93.44637118682496,
          197.28647161219357
        ],
        [
          41.11070720007922,
          -36.96160388830149,
          -141.43948833573762,
          479.96551717685406,
          230.3564720325409,
          -262.18493733041913
        ],
        [
          -64.55441111304188,
          27.116880627840093,
          -93.44637118682496,
          230.3564720325409,
          413.81611928319387,
          -388.46492649963216
        ],
        [
          51.953609748425876,
          -47.5227427333693,
          197.28647161219357,
          -262.18493733041913,
          -388.46492649963216,
          608.3754636825149
        ]
      ],
      "eigenvalues": [
        1173.0887489790116,
        354.42281371703615,
        180.83381695083506,
        119.90143713122245,
        69.9728578501581,
        48.74417362441804
      ],
      "eigenvectors": [
        [
          -0.04276441507398129,
          0.4155157769935655,
          -0.3669694438717803,
          -0.25459178350642475,
          0.7498059272536655,
          0.25263682701367796
        ],
        [
          0.0242207047544985,
          -0.3615450493591572,
          0.25634046527562393,
          0.6746080105317266,
          0.4150519368364094,
          0.4190751990539742
        ],
        [
          -0.24516636783964513,
          -0.17163376885637427,
          0.5461258574148081,
          -0.21744773189499117,
          0.4717309998407034,
          -0.5851223778103417
        ],
        [
          0.4713109952727266,
          0.7055391218588817,
          0.41849287213262815,
          0.29436638739568477,
          -0.014009676546639194,
          -0.13452274220549498
        ],
        [
          0.5192438999914817,
          -0.24964361478438732,
          0.38190432011242254,
          -0.576064372840027,
          0.012321896132989622,
          0.4361317890484516
        ],
        [
          -0.6676299367176095,
          0.3272098391941442,
          0.42471443022730726,
          -0.11959016726808366,
          -0.20650599219309201,
          0.458121281508309
        ]
      ],
      "invariants": {
        "I1_trace": 1946.9638482526814,
        "I2_von_mises": 1177.4914811205313,
        "det": 30747435582202.617
      },
      "anisotropy": 0.9584480085868677,
      "quality_flags": {
        "monocivilizational": false,
        "low_evidence": false,
        "computed_from_imputed": false
      },
      "decomposition": {
        "weighted_barycentre_mu_bar": [
          76.72637937413873,
          28.90955983004321,
          46.667557637775694,
          76.55718169031258,
          55.50432642579981,
          36.134136580558604
        ],
        "intra_civilizational_covariance": [
          [
            92.66784870584803,
            -57.791501581760144,
            -69.88465166501774,
            97.90030613796138,
            26.222609256567267,
            -83.47623126313553
          ],
          [
            -57.791501581760144,
            132.8915082942115,
            31.772483174961486,
            -46.167992120831244,
            12.400656041908018,
            -25.567671418531965
          ],
          [
            -69.88465166501774,
            31.772483174961486,
            128.3578270079038,
            -85.14651063062884,
            -3.463189770238913,
            63.04095547447099
          ],
          [
            97.90030613796138,
            -46.167992120831244,
            -85.14651063062884,
            408.68433616646115,
            116.41495207871907,
            -92.19608035833188
          ],
          [
            26.222609256567267,
            12.400656041908018,
            -3.463189770238913,
            116.41495207871907,
            231.68291406182874,
            -116.74119151005013
          ],
          [
            -83.47623126313553,
            -25.567671418531965,
            63.04095547447099,
            -92.19608035833188,
            -116.74119151005013,
            202.9920078379266
          ]
        ],
        "bias_term": [
          [
            45.244179484838945,
            -7.33471426792968,
            44.84852217061559,
            -56.78959893788233,
            -90.77702036960929,
            135.42984101156154
          ],
          [
            -7.33471426792968,
            1.1890597642553915,
            -7.2705726837328175,
            9.206388232529848,
            14.716224585932206,
            -21.955071314837532
          ],
          [
            44.84852217061559,
            -7.2705726837328175,
            44.456324853061,
            -56.29297770510888,
            -89.98318141658609,
            134.24551613772255
          ],
          [
            -56.78959893788233,
            9.206388232529848,
            -56.29297770510888,
            71.28118101039324,
            113.94151995382212,
            -169.98885697208758
          ],
          [
            -90.77702036960929,
            14.716224585932206,
            -89.98318141658609,
            113.94151995382212,
            182.13320522136536,
            -271.72373498958217
          ],
          [
            135.42984101156154,
            -21.955071314837532,
            134.24551613772255,
            -169.98885697208758,
            -271.72373498958217,
            405.38345584458824
          ]
        ],
        "trace_intra": 1197.2764420741798,
        "trace_bias": 749.6874061785022
      }
    },
    {
      "iso3": "BLR",
      "M": [
        [
          326.94855826185443,
          -80.00493977332617,
          -447.6150998977014,
          305.9255690263471,
          399.7208366914094,
          -371.9525757670402
        ],
        [
          -80.00493977332617,
          107.16547007907268,
          87.78068739856684,
          -58.68592656344067,
          -52.632118760405895,
          17.51643229995077
        ],
        [
          -447.6150998977014,
          87.78068739856684,
          682.8022086019329,
          -416.248518999105,
          -575.2577053026683,
          518.6008714329477
        ],
        [
          305.9255690263471,
          -58.68592656344067,
          -416.248518999105,
          530.5645700135792,
          416.89050642263066,
          -356.18244313907
        ],
        [
          399.7208366914094,
          -52.632118760405895,
          -575.2577053026683,
          416.89050642263066,
          705.2163809529279,
          -541.8842745484999
        ],
        [
          -371.9525757670402,
          17.51643229995077,
          518.6008714329477,
          -356.18244313907,
          -541.8842745484999,
          535.9997522493068
        ]
      ],
      "eigenvalues": [
        2350.086056386803,
        223.0728548120091,
        162.84855814864594,
        96.82139404314086,
        48.84071559198655,
        7.027361176087799
      ],
      "eigenvectors": [
        [
          -0.35655016676538437,
          -0.007567930671756838,
          -0.3314550430198127,
          0.07832743103592398,
          0.3233056903650951,
          0.8076450356354083
        ],
        [
          0.05822097588022379,
          -0.17154564580814488,
          0.5712655537674682,
          0.5462527040866308,
          -0.44265170120193637,
          0.38276040959279467
        ],
        [
          0.5102602553209727,
          0.12531609067317245,
          0.5216671019547737,
          -0.26685870678632656,
          0.5688653883959545,
          0.23868888640597674
        ],
        [
          -0.38340463673185843,
          0.8837051811104416,
          0.2524954030131743,
          0.06884749345428648,
          -0.027820826821581657,
          -0.05289738281157032
        ],
        [
          -0.5116037071988887,
          -0.286104042698522,
          0.40256481047551596,
          -0.6706579189611912,
          -0.1953886421133634,
          0.07993078985264894
        ],
        [
          0.44763746458464837,
          0.30334852048119737,
          -0.2566014440676737,
          -0.41199175455024845,
          -0.5804949198862637,
          0.36748403569859833
        ]
      ],
      "invariants": {
        "I1_trace": 2888.696940158674,
        "I2_von_mises": 2516.018621802359,
        "det": 2837004557342.1665
      },
      "anisotropy": 0.9970097430445198,
      "quality_flags": {
        "monocivilizational": false,
        "low_evidence": false,
        "computed_from_imputed": false
      },
      "decomposition": {
        "weighted_barycentre_mu_bar": [
          78.84011596557951,
          28.062274751940908,
          44.20548990961367,
          81.5240970378019,
          58.238996307947914,
          33.66328787429674
        ],
        "intra_civilizational_covariance": [
          [
            65.80670625593615,
            -30.518934900427354,
            -56.457189962009124,
            88.15653989812196,
            31.905656520830796,
            -70.35600801739871
          ],
          [
            -30.518934900427354,
            97.78794342269796,
            13.656826789996526,
            -17.41900916269571,
            17.068328174598992,
            -39.635682945713015
          ],
          [
            -56.457189962009124,
            13.656826789996526,
            96.89646683752386,
            -90.05768582468562,
            -24.316460102021864,
            66.84684511144273
          ],
          [
            88.15653989812196,
            -17.41900916269571,
            -90.05768582468562,
            348.96460936699935,
            110.16542934630365,
            -104.67778678947835
          ],
          [
            31.905656520830796,
            17.068328174598992,
            -24.316460102021864,
            110.16542934630365,
            187.15309188331867,
            -117.08911033580075
          ],
          [
            -70.35600801739871,
            -39.635682945713015,
            66.84684511144273,
            -104.67778678947835,
            -117.08911033580075,
            187.68143797043498
          ]
        ],
        "bias_term": [
          [
            261.1418520059181,
            -49.48600487289884,
            -391.1579099356921,
            217.7690291282249,
            367.81518017057823,
            -301.5965677496414
          ],
          [
            -49.48600487289884,
            9.37752665637475,
            74.12386060857035,
            -41.26691740074495,
            -69.70044693500489,
            57.152115245663815
          ],
          [
            -391.1579099356921,
            74.12386060857035,
            585.9057417644091,
            -326.1908331744192,
            -550.9412452006462,
            451.7540263215049
          ],
          [
            217.7690291282249,
            -41.26691740074495,
            -326.1908331744192,
            181.5999606465797,
            306.7250770763267,
            -251.50465634959144
          ],
          [
            367.81518017057823,
            -69.70044693500489,
            -550.9412452006462,
            306.7250770763267,
            518.0632890696087,
            -424.7951642126991
          ],
          [
            -301.5965677496414,
            57.152115245663815,
            451.7540263215049,
            -251.50465634959144,
            -424.7951642126991,
            348.3183142788718
          ]
        ],
        "trace_intra": 984.290255736911,
        "trace_bias": 1904.406684421762
      }
    },
    {
      "iso3": "BOL",
      "M": [
        [
          58.58117945516905,
          -78.3759924593922,
          -43.98713459962713,
          71.75753505243163,
          36.663885907280665,
          -28.552299166902102
        ],
        [
          -78.3759924593922,
          250.92717347144628,
          88.80190665044485,
          -190.84965406517122,
          -94.55457910560202,
          -90.28061779135633
        ],
        [
          -43.98713459962713,
          88.80190665044485,
          96.00934997585131,
          -105.76188708963348,
          -42.556262893048306,
          -5.72990470878284
        ],
        [
          71.75753505243163,
          -190.84965406517122,
          -105.76188708963348,
          332.21855055667805,
          108.36132151188119,
          70.06952745581556
        ],
        [
          36.663885907280665,
          -94.55457910560202,
          -42.556262893048306,
          108.36132151188119,
          197.0870293688884,
          -43.859639134347624
        ],
        [
          -28.552299166902102,
          -90.28061779135633,
          -5.72990470878284,
          70.06952745581556,
          -43.859639134347624,
          195.69875357386962
        ]
      ],
      "eigenvalues": [
        628.1527819365936,
        250.25644006321025,
        108.82910569628606,
        95.1922136311414,
        41.965052056035375,
        6.126443018636226
      ],
      "eigenvectors": [
        [
          -0.19288585580053344,
          -0.18173383276811234,
          0.13651758721485324,
          -0.4319749742465219,
          0.27525833163728125,
          0.805457187893633
        ],
        [
          0.5623897699470692,
          -0.1370701994375927,
          0.4040657289376765,
          0.5229879905211912,
          -0.2560120640867921,
          0.4032391084650796
        ],
        [
          0.2689691349226111,
          0.08568133333778162,
          -0.24617911117462427,
          0.33742257814289994,
          0.8635554721768389,
          0.011318525988407862
        ],
        [
          -0.6643404896860338,
          0.019147563783956087,
          0.565297717276416,
          0.44057955614158123,
          0.19508406266651662,
          -0.08096566315758451
        ],
        [
          -0.3146034453374621,
          -0.562670311195473,
          -0.5877273797013057,
          0.4168967731555063,
          -0.17901402981825082,
          0.18208343661954043
        ],
        [
          -0.1839695183868228,
          0.7898599719389123,
          -0.3041458503611098,
          0.24106829405240293,
          -0.20702368463891993,
          0.38574475283856824
        ]
      ],
      "invariants": {
        "I1_trace": 1130.5220364019028,
        "I2_von_mises": 632.7259929821737,
        "det": 418690590781.4898
      },
      "anisotropy": 0.9902468902553477,
      "quality_flags": {
        "monocivilizational": false,
        "low_evidence": false,
        "computed_from_imputed": true
      },
      "decomposition": {
        "weighted_barycentre_mu_bar": [
          75.56222833526547,
          20.65981122626836,
          48.779598911083596,
          74.98452973673686,
          48.00838036949325,
          49.22820456881549
        ],
        "intra_civilizational_covariance": [
          [
            52.63844876578642,
            -52.389806700576,
            -27.46002047592239,
            42.46656210618819,
            21.448242429980404,
            -40.79428977513712
          ],
          [
            -52.389806700576,
            137.29559809176936,
            16.532662068479294,
            -62.767009263944985,
            -28.020092098229124,
            -36.74922647799245
          ],
          [
            -27.46002047592239,
            16.532662068479294,
            50.04638858068552,
            -24.30181797665734,
            -0.24058524266675574,
            28.31585412816026
          ],
          [
            42.46656210618819,
            -62.767009263944985,
            -24.30181797665734,
            187.8470249093168,
            33.365326446927654,
            9.730293784227166
          ],
          [
            21.448242429980404,
            -28.020092098229124,
            -0.24058524266675574,
            33.365326446927654,
            158.1292137569611,
            -75.20377607801808
