{
  "_meta": {
    "schema": "state_tension.schema.json",
    "dimension_order_score": [
      "pdi",
      "idv",
      "mas",
      "uai",
      "lto",
      "ivr"
    ]
  },
  "tensions": [
    {
      "iso3": "ARG",
      "T": [
        [
          475.68603706292055,
          -404.48856990101945,
          -88.31661166207766,
          -229.6949765933092,
          343.7158912590036,
          -192.09546297288657
        ],
        [
          -404.48856990101945,
          425.31744958134556,
          56.988291247603655,
          81.86870181056398,
          -219.52983879473484,
          95.4208022651708
        ],
        [
          -88.31661166207766,
          56.988291247603655,
          88.82069428228291,
          84.8188295032867,
          -69.95536764295358,
          39.06095399193764
        ],
        [
          -229.6949765933092,
          81.86870181056398,
          84.8188295032867,
          630.3977706438584,
          -396.67369608060625,
          165.3678508442564
        ],
        [
          343.7158912590036,
          -219.52983879473484,
          -69.95536764295358,
          -396.67369608060625,
          562.1191245197514,
          -234.4759415864571
        ],
        [
          -192.09546297288657,
          95.4208022651708,
          39.06095399193764,
          165.3678508442564,
          -234.4759415864571,
          256.55934203202116
        ]
      ],
      "eigenvalues": [
        1499.436393590543,
        534.832163778613,
        199.404662712418,
        121.71494613363419,
        67.67842266616319,
        15.833829240808079
      ],
      "eigenvectors": [
        [
          -0.49750153941152647,
          0.40933721089800745,
          0.1049838311528435,
          0.18601826771399466,
          -0.0020654115592415225,
          0.7343749719357597
        ],
        [
          0.36623664895406227,
          -0.6104826409963917,
          -0.2888566550885891,
          0.05622544562911552,
          0.16506242687209557,
          0.6159030681161629
        ],
        [
          0.10958962139091126,
          -0.0018576261540829513,
          -0.12042992511700193,
          -0.2444478621803921,
          -0.9437680461303927,
          0.15175775111485604
        ],
        [
          0.47938595934132155,
          0.6501626923287286,
          -0.5098068608590309,
          -0.21028312433447024,
          0.1882233828557555,
          0.08903654237328466
        ],
        [
          -0.5482260132672513,
          -0.1856709237916599,
          -0.4185829818487282,
          -0.6802309167879272,
          0.16063014493343244,
          -0.035308499353479884
        ],
        [
          0.27566354581800057,
          0.05064902371806663,
          0.6752200478892082,
          -0.6289261113055477,
          0.14429802181043885,
          0.2217029549907391
        ]
      ],
      "invariants": {
        "I1": 2438.90041812218,
        "I2": 1602390.2269166093,
        "det": 20857438441198.11
      },
      "anisotropy": 0.989440146105236,
      "quality_flags": {
        "monocivilizational": false,
        "low_evidence": false,
        "computed_from_imputed": false
      }
    },
    {
      "iso3": "AUS",
      "T": [
        [
          429.6282458927745,
          -783.9503553285978,
          -114.13576740761195,
          126.40653015202781,
          305.81399642449014,
          -301.1732740756911
        ],
        [
          -783.9503553285978,
          1693.4787263413343,
          351.6058207963966,
          -252.38974149021777,
          -783.1703392685176,
          596.9158034216216
        ],
        [
          -114.13576740761195,
          351.6058207963966,
          220.01056659796438,
          -32.12301887200801,
          -262.77405372191976,
          164.91511431420915
        ],
        [
          126.40653015202781,
          -252.38974149021777,
          -32.12301887200801,
          161.06723597500482,
          101.62725054160825,
          -63.778206939318856
        ],
        [
          305.81399642449014,
          -783.1703392685176,
          -262.77405372191976,
          101.62725054160825,
          614.6347710021254,
          -391.43647592432774
        ],
        [
          -301.1732740756911,
          596.9158034216216,
          164.91511431420915,
          -63.778206939318856,
          -391.43647592432774,
          346.2194405951494
        ]
      ],
      "eigenvalues": [
        2825.5323149376604,
        327.602477404173,
        128.5351449664227,
        109.72173202510088,
        65.22834996272427,
        8.41896710826854
      ],
      "eigenvectors": [
        [
          -0.3526658108181317,
          -0.3982013702887754,
          -0.319433021901438,
          -0.1548332050774648,
          0.3122781494485974,
          -0.7025198040492849
        ],
        [
          0.7611812833683806,
          0.33152181519810275,
          -0.10703279303564031,
          -0.3445972097312001,
          0.2766208058829526,
          -0.3224500176935136
        ],
        [
          0.17901082583782288,
          -0.42997125373626366,
          -0.29679578173184024,
          -0.5467135753194926,
          -0.6144553119949722,
          0.13616550687325685
        ],
        [
          -0.11347278694328296,
          -0.22154019576371686,
          0.7351886723917603,
          -0.5554627936530455,
          0.282397040957074,
          0.09620020996329415
        ],
        [
          -0.3987086748148936,
          0.6543442683402342,
          0.11306418476100545,
          -0.3086448533370144,
          -0.4306080401684182,
          -0.34553803190510163
        ],
        [
          0.30387550610931396,
          -0.26345245464717015,
          0.49510897365252904,
          0.39317063418828124,
          -0.42806142513871764,
          -0.5052720592474147
        ]
      ],
      "invariants": {
        "I1": 3465.038986404353,
        "I2": 6122759.475024131,
        "det": 7168977339365.16
      },
      "anisotropy": 0.9970203960989014,
      "quality_flags": {
        "monocivilizational": false,
        "low_evidence": false,
        "computed_from_imputed": false
      }
    },
    {
      "iso3": "BGD",
      "T": [
        [
          96.27650103389983,
          -96.56135216460635,
          -0.6307794279313583,
          29.69318235601642,
          1.2743837167137348,
          -164.36783800644884
        ],
        [
          -96.56135216460635,
          224.97668196176943,
          -7.931608450834236,
          -56.10724308739306,
          -10.279671121571216,
          138.94656441777232
        ],
        [
          -0.6307794279313583,
          -7.931608450834236,
          80.92484188756728,
          -65.17762164935564,
          8.369039873735517,
          -83.23727666477839
        ],
        [
          29.69318235601642,
          -56.10724308739306,
          -65.17762164935564,
          340.41348664322464,
          -33.36354096830806,
          114.6421255160899
        ],
        [
          1.2743837167137348,
          -10.279671121571216,
          8.369039873735517,
          -33.36354096830806,
          212.61205240135178,
          -62.637426607448205
        ],
        [
          -164.36783800644884,
          138.94656441777232,
          -83.23727666477839,
          114.6421255160899,
          -62.637426607448205,
          591.5545240097283
        ]
      ],
      "eigenvalues": [
        734.436051047865,
        390.87706646782516,
        202.03142174214787,
        136.20291949544415,
        63.8542502634707,
        19.35637892078874
      ],
      "eigenvectors": [
        [
          -0.2561974845442153,
          -0.25860334645477134,
          0.061109822178820584,
          -0.05421682669707845,
          0.3040244651249115,
          0.8765742456046113
        ],
        [
          0.26748732474157544,
          0.45519924460857186,
          0.024251686711354147,
          0.8122989591614553,
          0.0777569503931531,
          0.23405190046826857
        ],
        [
          -0.13978703335177337,
          0.15369874777943457,
          0.06406355715791043,
          -0.04509608663376483,
          -0.9220570948440922,
          0.3170318559703623
        ],
        [
          0.2323761631183236,
          -0.8284009512370231,
          -0.13834763610235803,
          0.43126734111628645,
          -0.22533863683616914,
          -0.062000755029248136
        ],
        [
          -0.12851351641640738,
          0.11772997994851193,
          -0.9823262168657076,
          -0.013035138346688601,
          -0.005547700031034371,
          0.06677154911014187
        ],
        [
          0.879066869035125,
          0.046756471767349636,
          -0.08642014355692174,
          -0.3860516095980004,
          -0.022921973997110594,
          0.26081711741203084
        ]
      ],
      "invariants": {
        "I1": 1546.7580879375412,
        "I2": 357257.72906777955,
        "det": 9763677797279.488
      },
      "anisotropy": 0.9736445686548586,
      "quality_flags": {
        "monocivilizational": false,
        "low_evidence": false,
        "computed_from_imputed": false
      }
    },
    {
      "iso3": "BGR",
      "T": [
        [
          137.9120281906869,
          -65.12621584968976,
          -25.03612949440219,
          41.11070720007922,
          -64.55441111304188,
          51.953609748425876
        ],
        [
          -65.12621584968976,
          134.08056805846684,
          24.50191049122873,
          -36.96160388830149,
          27.116880627840093,
          -47.5227427333693
        ],
        [
          -25.03612949440219,
          24.50191049122873,
          172.8141518609648,
          -141.43948833573762,
          -93.44637118682496,
          197.28647161219357
        ],
        [
          41.11070720007922,
          -36.96160388830149,
          -141.43948833573762,
          479.96551717685406,
          230.3564720325409,
          -262.18493733041913
        ],
        [
          -64.55441111304188,
          27.116880627840093,
          -93.44637118682496,
          230.3564720325409,
          413.81611928319387,
          -388.46492649963216
        ],
        [
          51.953609748425876,
          -47.5227427333693,
          197.28647161219357,
          -262.18493733041913,
          -388.46492649963216,
          608.3754636825149
        ]
      ],
      "eigenvalues": [
        1173.0887489790116,
        354.42281371703615,
        180.83381695083506,
        119.90143713122245,
        69.9728578501581,
        48.74417362441804
      ],
      "eigenvectors": [
        [
          -0.04276441507398129,
          0.4155157769935655,
          -0.3669694438717803,
          -0.25459178350642475,
          0.7498059272536655,
          0.25263682701367796
        ],
        [
          0.0242207047544985,
          -0.3615450493591572,
          0.25634046527562393,
          0.6746080105317266,
          0.4150519368364094,
          0.4190751990539742
        ],
        [
          -0.24516636783964513,
          -0.17163376885637427,
          0.5461258574148081,
          -0.21744773189499117,
          0.4717309998407034,
          -0.5851223778103417
        ],
        [
          0.4713109952727266,
          0.7055391218588817,
          0.41849287213262815,
          0.29436638739568477,
          -0.014009676546639194,
          -0.13452274220549498
        ],
        [
          0.5192438999914817,
          -0.24964361478438732,
          0.38190432011242254,
          -0.576064372840027,
          0.012321896132989622,
          0.4361317890484516
        ],
        [
          -0.6676299367176095,
          0.3272098391941442,
          0.42471443022730726,
          -0.11959016726808366,
          -0.20650599219309201,
          0.458121281508309
        ]
      ],
      "invariants": {
        "I1": 1946.9638482526814,
        "I2": 924324.1254076149,
        "det": 30747435582202.617
      },
      "anisotropy": 0.9584480085868677,
      "quality_flags": {
        "monocivilizational": false,
        "low_evidence": false,
        "computed_from_imputed": false
      }
    },
    {
      "iso3": "BLR",
      "T": [
        [
          326.94855826185443,
          -80.00493977332617,
          -447.6150998977014,
          305.9255690263471,
          399.7208366914094,
          -371.9525757670402
        ],
        [
          -80.00493977332617,
          107.16547007907268,
          87.78068739856684,
          -58.68592656344067,
          -52.632118760405895,
          17.51643229995077
        ],
        [
          -447.6150998977014,
          87.78068739856684,
          682.8022086019329,
          -416.248518999105,
          -575.2577053026683,
          518.6008714329477
        ],
        [
          305.9255690263471,
          -58.68592656344067,
          -416.248518999105,
          530.5645700135792,
          416.89050642263066,
          -356.18244313907
        ],
        [
          399.7208366914094,
          -52.632118760405895,
          -575.2577053026683,
          416.89050642263066,
          705.2163809529279,
          -541.8842745484999
        ],
        [
          -371.9525757670402,
          17.51643229995077,
          518.6008714329477,
          -356.18244313907,
          -541.8842745484999,
          535.9997522493068
        ]
      ],
      "eigenvalues": [
        2350.086056386803,
        223.0728548120091,
        162.84855814864594,
        96.82139404314086,
        48.84071559198655,
        7.027361176087799
      ],
      "eigenvectors": [
        [
          -0.35655016676538437,
          -0.007567930671756838,
          -0.3314550430198127,
          0.07832743103592398,
          0.3233056903650951,
          0.8076450356354083
        ],
        [
          0.05822097588022379,
          -0.17154564580814488,
          0.5712655537674682,
          0.5462527040866308,
          -0.44265170120193637,
          0.38276040959279467
        ],
        [
          0.5102602553209727,
          0.12531609067317245,
          0.5216671019547737,
          -0.26685870678632656,
          0.5688653883959545,
          0.23868888640597674
        ],
        [
          -0.38340463673185843,
          0.8837051811104416,
          0.2524954030131743,
          0.06884749345428648,
          -0.027820826821581657,
          -0.05289738281157032
        ],
        [
          -0.5116037071988887,
          -0.286104042698522,
          0.40256481047551596,
          -0.6706579189611912,
          -0.1953886421133634,
          0.07993078985264894
        ],
        [
          0.44763746458464837,
          0.30334852048119737,
          -0.2566014440676737,
          -0.41199175455024845,
          -0.5804949198862637,
          0.36748403569859833
        ]
      ],
      "invariants": {
        "I1": 2888.696940158674,
        "I2": 4220233.1368374955,
        "det": 2837004557342.1665
      },
      "anisotropy": 0.9970097430445198,
      "quality_flags": {
        "monocivilizational": false,
        "low_evidence": false,
        "computed_from_imputed": false
      }
    },
    {
      "iso3": "BOL",
      "T": [
        [
          58.58117945516905,
          -78.3759924593922,
          -43.98713459962713,
          71.75753505243163,
          36.663885907280665,
          -28.552299166902102
        ],
        [
          -78.3759924593922,
          250.92717347144628,
          88.80190665044485,
          -190.84965406517122,
          -94.55457910560202,
          -90.28061779135633
        ],
        [
          -43.98713459962713,
          88.80190665044485,
          96.00934997585131,
          -105.76188708963348,
          -42.556262893048306,
          -5.72990470878284
        ],
        [
          71.75753505243163,
          -190.84965406517122,
          -105.76188708963348,
          332.21855055667805,
          108.36132151188119,
          70.06952745581556
        ],
        [
          36.663885907280665,
          -94.55457910560202,
          -42.556262893048306,
          108.36132151188119,
          197.0870293688884,
          -43.859639134347624
        ],
        [
          -28.552299166902102,
          -90.28061779135633,
          -5.72990470878284,
          70.06952745581556,
          -43.859639134347624,
          195.69875357386962
        ]
      ],
      "eigenvalues": [
        628.1527819365936,
        250.25644006321025,
        108.82910569628606,
        95.1922136311414,
        41.965052056035375,
        6.126443018636226
      ],
      "eigenvectors": [
        [
          -0.19288585580053344,
          -0.18173383276811234,
          0.13651758721485324,
          -0.4319749742465219,
          0.27525833163728125,
          0.805457187893633
        ],
        [
          0.5623897699470692,
          -0.1370701994375927,
          0.4040657289376765,
          0.5229879905211912,
          -0.2560120640867921,
          0.4032391084650796
        ],
        [
          0.2689691349226111,
          0.08568133333778162,
          -0.24617911117462427,
          0.33742257814289994,
          0.8635554721768389,
          0.011318525988407862
        ],
        [
          -0.6643404896860338,
          0.019147563783956087,
          0.565297717276416,
          0.44057955614158123,
          0.19508406266651662,
          -0.08096566315758451
        ],
        [
          -0.3146034453374621,
          -0.562670311195473,
          -0.5877273797013057,
          0.4168967731555063,
          -0.17901402981825082,
          0.18208343661954043
        ],
        [
          -0.1839695183868228,
          0.7898599719389123,
          -0.3041458503611098,
          0.24106829405240293,
          -0.20702368463891993,
          0.38574475283856824
        ]
      ],
      "invariants": {
        "I1": 1130.5220364019028,
        "I2": 266894.7881301852,
        "det": 418690590781.4898
      },
      "anisotropy": 0.9902468902553477,
      "quality_flags": {
        "monocivilizational": false,
        "low_evidence": false,
        "computed_from_imputed": true
      }
    },
    {
      "iso3": "BRA",
      "T": [
        [
          124.5306377092098,
          -138.25742120728646,
          -19.621108439633915,
          64.55836721826446,
          8.537738283556283,
          -83.74321341753566
        ],
        [
          -138.25742120728646,
          277.8947784943746,
          3.818820075558256,
          -48.473369202002374,
          11.987816527050395,
          69.47509521987426
        ],
        [
          -19.621108439633915,
          3.818820075558256,
          66.58159835656046,
          -39.83235236128085,
          7.400642993658797,
          7.1680968961678655
        ],
        [
          64.55836721826446,
          -48.473369202002374,
          -39.83235236128085,
          333.46374468135537,
          18.177324997733784,
          80.89016186834938
        ],
        [
          8.537738283556283,
          11.987816527050395,
          7.400642993658797,
          18.177324997733784,
          167.94925379036,
          -85.38390782785325
        ],
        [
          -83.74321341753566,
          69.47509521987426,
          7.1680968961678655,
          80.89016186834938,
          -85.38390782785325,
          272.53472319880143
        ]
      ],
      "eigenvalues": [
        441.983723621344,
        397.5384638287453,
        228.6250894522784,
        99.50616553316502,
        50.77939556688504,
        24.521898228243817
      ],
      "eigenvectors": [
        [
          -0.48074364723188856,
          0.023754965227750422,
          -0.07572544949726133,
          0.16900993178272,
          -0.013105186408618186,
          0.8566509210989288
        ],
        [
          0.6741236483388301,
          -0.02796258233938889,
          0.501080735312634,
          0.3926359183412463,
          -0.14634140093864267,
          0.34367823241725726
        ],
        [
          0.07025541655679132,
          -0.08784995918742527,
          -0.06136890854656398,
          -0.4725620796456788,
          -0.8641207625927801,
          0.11645087683665677
        ],
        [
          -0.30753860589808596,
          0.7911963231471475,
          0.4000773029502057,
          0.15204704555624046,
          -0.2429954963249848,
          -0.19287669762876639
        ],
        [
          -0.1415428515483655,
          -0.15764834535974956,
          0.680516552143011,
          -0.6192099171775635,
          0.30991085994885503,
          0.11200080354620288
        ],
        [
          0.4414664833243604,
          0.5831736943059735,
          -0.3409589183234093,
          -0.43291862269328496,
          0.2767963218110362,
          0.291080856024072
        ]
      ],
      "invariants": {
        "I1": 1242.9547362306616,
        "I2": 161247.80846283218,
        "det": 4977381437735.188
      },
      "anisotropy": 0.9445185491734257,
      "quality_flags": {
        "monocivilizational": false,
        "low_evidence": false,
        "computed_from_imputed": false
      }
    },
    {
      "iso3": "CAN",
      "T": [
        [
          325.0732678518978,
          -502.00554758115743,
          11.3529726026272,
          118.69229432995994,
          79.88805506129502,
          -207.10692247460514
        ],
        [
          -502.00554758115743,
          896.9638496031655,
          9.329718165548421,
          -215.8891401147207,
          -161.89366037502168,
          321.7745423888023
        ],
        [
          11.3529726026272,
          9.329718165548421,
          75.99124811605004,
          -13.002813742784046,
          -23.965974179863352,
          31.20573797866652
        ],
        [
          118.69229432995994,
          -215.8891401147207,
          -13.002813742784046,
          152.3770706674393,
          54.67576178656727,
          -73.3530369569578
        ],
        [
          79.88805506129502,
          -161.89366037502168,
          -23.965974179863352,
          54.67576178656727,
          141.79330823289393,
          -136.18175376158288
        ],
        [
          -207.10692247460514,
          321.7745423888023,
          31.20573797866652,
          -73.3530369569578,
          -136.18175376158288,
          233.8581068081382
        ]
      ],
      "eigenvalues": [
        1415.679436369816,
        181.35679311943906,
        106.65956965132337,
        65.89712710056766,
        48.356894093201895,
        8.107030945236756
      ],
      "eigenvectors": [
        [
          -0.45707284589812397,
          0.18542095868367642,
          -0.23249099935680986,
          0.1679007874024896,
          0.49819196186497416,
          0.6528901221218162
        ],
        [
          0.7832810763903579,
          -0.2854839552685461,
          7.713489380675731e-05,
          0.2503203225626862,
          0.43249448619973996,
          0.23507002408246952
        ],
        [
          0.0142312333378808,
          0.3181796471034963,
          -0.23985455151560148,
          0.8636124762542972,
          -0.17892056700631134,
          -0.2513760128653644
        ],
        [
          -0.2033345813222435,
          0.008120126542667232,
          0.8939201465789987,
          0.27458298140703546,
          0.27085395906451915,
          -0.10362529760786807
        ],
        [
          -0.17207365215214568,
          -0.6614730678413757,
          0.08493950213269769,
          0.28495607128361683,
          -0.518013197130235,
          0.4196327975391216
        ],
        [
          0.3261875950776876,
          0.5875943631448469,
          0.2865480341987357,
          -0.08201692703270017,
          -0.43708257766705666,
          0.5181281552808248
        ]
      ],
      "invariants": {
        "I1": 1826.0568512795846,
        "I2": 1499414.0906021434,
        "det": 707432958532.7765
      },
      "anisotropy": 0.994273399233639,
      "quality_flags": {
        "monocivilizational": false,
        "low_evidence": false,
        "computed_from_imputed": false
      }
    },
    {
      "iso3": "CHL",
      "T": [
        [
          164.51320492335702,
          -69.41981294013736,
          166.32449339845067,
          -47.959468554764776,
          99.57405787883458,
          -173.43430185664485
        ],
        [
          -69.41981294013736,
          179.5025160815441,
          93.34223321237681,
          -152.45247223142664,
          24.558327950667742,
          -50.354499956446794
        ],
        [
          166.32449339845067,
          93.34223321237681,
          523.6666033901129,
          -316.0896929427242,
          199.69500507981178,
          -269.3009849838369
        ],
        [
          -47.959468554764776,
          -152.45247223142664,
          -316.0896929427242,
          410.9532472298114,
          -144.72519221512349,
          226.0723322824284
        ],
        [
          99.57405787883458,
          24.558327950667742,
          199.69500507981178,
          -144.72519221512349,
          242.27406431667546,
          -235.5663821930603
        ],
        [
          -173.43430185664485,
          -50.354499956446794,
          -269.3009849838369,
          226.0723322824284,
          -235.5663821930603,
          393.8878330266514
        ]
      ],
      "eigenvalues": [
        1201.8230957039875,
        347.80291948109056,
        190.60693012978066,
        93.30594901834424,
        72.374708768156,
        8.883865866794192
      ],
      "eigenvectors": [
        [
          -0.22137503043845813,
          -0.48435332911667517,
          0.219051745243767,
          -0.29775773579026793,
          -0.15126422892683675,
          0.7462377270024936
        ],
        [
          -0.14238860086131866,
          0.5590788985126373,
          -0.25793822786984505,
          0.38801842473148407,
          -0.49720670534819933,
          0.4503902046134037
        ],
        [
          -0.590544096616871,
          0.06787844771764211,
          0.7004697800010525,
          0.29419807084310684,
          -0.10663565626233784,
          -0.24097428393374146
        ],
        [
          0.4784050498421019,
          -0.5108780798246152,
          0.12418368912767395,
          0.569442212371559,
          -0.4048335123051328,
          -0.08096913781809695
        ],
        [
          -0.3411219123230294,
          -0.26367493645448353,
          -0.3508713392727907,
          0.5660013595979202,
          0.5831960610532303,
          0.17471544694452304
        ],
        [
          0.4865600696859,
          0.34308055845147084,
          0.5062548818982985,
          0.17206846213305593,
          0.4631691307763786,
          0.38095645970246833
        ]
      ],
      "invariants": {
        "I1": 1914.7974689681523,
        "I2": 1004624.7564503397,
        "det": 4779809762969.753
      },
      "anisotropy": 0.9926080087006564,
      "quality_flags": {
        "monocivilizational": false,
        "low_evidence": false,
        "computed_from_imputed": false
      }
    },
    {
      "iso3": "CHN",
      "T": [
        [
          141.2801661099806,
          -107.07358792241888,
          93.47279880768042,
          -132.22670993109,
          208.08288828704343,
          -161.6496038884432
        ],
        [
          -107.07358792241888,
          235.12831668746048,
          -71.12566944359494,
          165.20989202327465,
          -286.1416993418131,
          103.05848733873242
        ],
        [
          93.47279880768042,
          -71.12566944359494,
          259.39113721315834,
          -223.55604130309575,
          376.5347270710318,
          -177.05605822663094
        ],
        [
          -132.22670993109,
          165.20989202327465,
          -223.55604130309575,
          712.7995386126497,
          -585.4664833463673,
          317.4228634375629
        ],
        [
          208.08288828704343,
          -286.1416993418131,
          376.5347270710318,
          -585.4664833463673,
          920.417444223557,
          -425.58102826266963
        ],
        [
          -161.6496038884432,
          103.05848733873242,
          -177.05605822663094,
          317.4228634375629,
          -425.58102826266963,
          310.1697802754467
        ]
      ],
      "eigenvalues": [
        1902.6499838396605,
        273.956708870053,
        184.89140447858767,
        138.9228419183297,
        68.59546945326737,
        10.169974562354398
      ],
      "eigenvectors": [
        [
          0.1781578474958517,
          0.23078769155947548,
          -0.14273600733003936,
          0.592410422224038,
          0.3757018571260384,
          -0.6344456329774488
        ],
        [
          -0.21180878172280648,
          -0.31238372283774285,
          0.7893754616509873,
          0.11322842660969311,
          -0.25478885996439693,
          -0.39585576979495957
        ],
        [
          0.281533102679136,
          0.23373611965686342,
          0.5398580853199515,
          -0.22583593979773914,
          0.6838350743062457,
          0.23670130042425017
        ],
        [
          -0.5243157452336858,
          0.8189506921673566,
          0.14096024147022343,
          0.028200870294636138,
          -0.1795216283621525,
          0.03898293585833952
        ],
        [
          0.6701035820230651,
          0.34393065456804617,
          0.06646317485450716,
          -0.35503748934374746,
          -0.4578268441550324,
          -0.3043000205850199
        ],
        [
          -0.34668447054419116,
          -0.07451406676216837,
          -0.20193790427347086,
          -0.6770379866880556,
          0.29063191197785737,
          -0.5391022823891346
        ]
      ],
      "invariants": {
        "I1": 2579.1863831222527,
        "I2": 2644721.99379494,
        "det": 9339992377483.031
      },
      "anisotropy": 0.994654836859783,
      "quality_flags": {
        "monocivilizational": false,
        "low_evidence": false,
        "computed_from_imputed": false
      }
    },
    {
      "iso3": "COL",
      "T": [
        [
          86.05806830946139,
          -31.066100633105737,
          -56.777603077798176,
          20.088761854632494,
          92.42377396691415,
          -126.53827198174048
        ],
        [
          -31.066100633105737,
          330.4273292814238,
          -160.34511051295615,
          -207.18158362366293,
          349.29151562978905,
          -357.3509330854483
        ],
        [
          -56.777603077798176,
          -160.34511051295615,
          197.9488401388764,
          76.44871260779458,
          -302.74629826127455,
          323.1371539576539
        ],
        [
          20.088761854632494,
          -207.18158362366293,
          76.44871260779458,
          302.6446589505535,
          -231.41887371224846,
          261.257105983909
        ],
        [
          92.42377396691415,
          349.29151562978905,
          -302.74629826127455,
          -231.41887371224846,
          752.6803640103908,
          -712.7787016738897
        ],
        [
          -126.53827198174048,
          -357.3509330854483,
          323.1371539576539,
          261.257105983909,
          -712.7787016738897,
          801.3129572951939
        ]
      ],
      "eigenvalues": [
        1924.7261007565476,
        296.03715774594735,
        122.09657412424278,
        74.02276992384034,
        42.337492451500495,
        11.852122983820887
      ],
      "eigenvectors": [
        [
          -0.07352738029796958,
          0.4015286880922956,
          -0.37149921002555525,
          0.2095555829868581,
          0.05768845839752442,
          0.8050560684465033
        ],
        [
          -0.32937283483814417,
          -0.49052047418387057,
          0.5840638818427389,
          0.2257078883790925,
          -0.24974382511141183,
          0.4432341964989596
        ],
        [
          0.2667539643448602,
          -0.18530959943946868,
          -0.2479249850317379,
          -0.5386193801473812,
          -0.7109651044691814,
          0.19352948151554195
        ],
        [
          0.24078500336266564,
          0.6938753550359463,
          0.6034216261029337,
          0.0027514853551313862,
          -0.30959733425563996,
          -0.024162676400053592
        ],
        [
          -0.6022596564590991,
          0.19705848567353582,
          0.14271254067655542,
          -0.7172133327011142,
          0.23862039236598162,
          0.08215676419096149
        ],
        [
          0.6278976595599893,
          -0.20863766270423617,
          0.2736903223702408,
          -0.31722079820882115,
          0.5253936455482405,
          0.33262733601218514
        ]
      ],
      "invariants": {
        "I1": 2471.0722179859,
        "I2": 2796828.7905825553,
        "det": 2584075829256.651
      },
      "anisotropy": 0.9938421768275693,
      "quality_flags": {
        "monocivilizational": false,
        "low_evidence": false,
        "computed_from_imputed": false
      }
    },
    {
      "iso3": "DEU",
      "T": [
        [
          866.3206299080326,
          -819.5682226297397,
          -220.46418440733123,
          -3.797651787418328,
          -689.6487407175143,
          44.568096870037024
        ],
        [
          -819.5682226297397,
          884.0156687181536,
          155.90805122296376,
          -47.92695445708981,
          593.2507320341431,
          -72.767080184169
        ],
        [
          -220.46418440733123,
          155.90805122296376,
          435.6592690605009,
          245.9728286456286,
          496.8015844024636,
          -104.92663648161366
        ],
        [
          -3.797651787418328,
          -47.92695445708981,
          245.9728286456286,
          438.9279737252568,
          246.41147498912653,
          -39.50553744053004
        ],
        [
          -689.6487407175143,
          593.2507320341431,
          496.8015844024636,
          246.41147498912653,
          1115.5972783375362,
          -315.9157640772532
        ],
        [
          44.568096870037024,
          -72.767080184169,
          -104.92663648161366,
          -39.50553744053004,
          -315.9157640772532,
          239.56192425262734
        ]
      ],
      "eigenvalues": [
        2537.559611815774,
        877.1186072214996,
        321.6106734050028,
        146.67445103734482,
        84.05254652729245,
        13.066853995193487
      ],
      "eigenvectors": [
        [
          -0.5360870709021773,
          -0.34508769731453515,
          0.2243617927579204,
          -0.0718700357326508,
          0.34854764352707157,
          0.6453961246239703
        ],
        [
          0.5092076463347991,
          0.459194090281914,
          -0.13610804648790326,
          -0.21712429409189804,
          0.5587158202747938,
          0.389893104754809
        ],
        [
          0.25379286983749627,
          -0.4423915167598026,
          -0.18969831696991343,
          0.7019335795534132,
          0.4433197457542702,
          -0.12103853343911557
        ],
        [
          0.09236454280369442,
          -0.5299747301974184,
          -0.6206737680536919,
          -0.5654145022665915,
          0.02895141033184586,
          -0.06948313969078233
        ],
        [
          0.6044001754540999,
          -0.3818469583109513,
          0.36328901274075476,
          -0.014495406445443792,
          -0.4377086966670326,
          0.4063439449722413
        ],
        [
          -0.12278690357307268,
          0.21832246859204602,
          -0.6147650779300659,
          0.3675286554716764,
          -0.42117892645834415,
          0.4968436115026843
        ]
      ],
      "invariants": {
        "I1": 3980.0827440021076,
        "I2": 4700551.786221761,
        "det": 115313835247270.1
      },
      "anisotropy": 0.9948506218595419,
      "quality_flags": {
        "monocivilizational": false,
        "low_evidence": false,
        "computed_from_imputed": false
      }
    },
    {
      "iso3": "DNK",
      "T": [
        [
          1356.0020543243302,
          -925.4281377380089,
          1129.9058983787081,
          1086.7621332540095,
          326.66258526372644,
          -592.0052994327838
        ],
        [
          -925.4281377380089,
          788.7168646702455,
          -697.2906940424696,
          -660.311507658244,
          -177.47107456731308,
          360.92221986884954
        ],
        [
          1129.9058983787081,
          -697.2906940424696,
          1073.6949682269515,
          993.47423982185,
          312.54867844706826,
          -482.27125790516004
        ],
        [
          1086.7621332540095,
          -660.311507658244,
          993.47423982185,
          1083.6765204369767,
          281.2583386053971,
          -440.15212198834854
        ],
        [
          326.66258526372644,
          -177.47107456731308,
          312.54867844706826,
          281.2583386053971,
          174.7852031940497,
          -191.75259003607204
        ],
        [
          -592.0052994327838,
          360.92221986884954,
          -482.27125790516004,
          -440.15212198834854,
          -191.75259003607204,
          335.02770092174865
        ]
      ],
      "eigenvalues": [
        4215.115353091623,
        304.71424901186106,
        167.44535839522325,
        68.70222460916925,
        48.00415328487326,
        7.921973381551765
      ],
      "eigenvectors": [
        [
          -0.5616849018177328,
          -0.20710862945469094,
          -0.10860089966581574,
          0.08248023290203552,
          0.378010038337223,
          -0.6929122263056813
        ],
        [
          0.37557802571773546,
          0.7678004134838607,
          -0.2063490398221084,
          0.016872000938731965,
          0.37241075239341553,
          -0.29642758390974294
        ],
        [
          -0.48740788654248196,
          0.31505133818611397,
          -0.03422296417201741,
          -0.7753331792249436,
          0.05040251479883179,
          0.24150164152962947
        ],
        [
          -0.4757770967304577,
          0.4793789026242222,
          0.49203551142532387,
          0.5096853384496542,
          -0.13986510771970875,
          0.14963851393932306
        ],
        [
          -0.14423461566779872,
          0.1951577879679908,
          -0.5268829199229408,
          0.059377510937628906,
          -0.766280427577536,
          -0.2698014448414232
        ],
        [
          0.2423165278598672,
          0.0209881033156323,
          0.6517285871200118,
          -0.3584215045473758,
          -0.3303487352392277,
          -0.5277270002373786
        ]
      ],
      "invariants": {
        "I1": 4811.903311774303,
        "I2": 14036104.399884706,
        "det": 5618990959182.837
      },
      "anisotropy": 0.9981205796952292,
      "quality_flags": {
        "monocivilizational": false,
        "low_evidence": false,
        "computed_from_imputed": false
      }
    },
    {
      "iso3": "ECU",
      "T": [
        [
          85.6870990006799,
          -136.95438792108817,
          19.820293287374437,
          43.01628298701411,
          36.3685508807869,
          -18.529377020990502
        ],
        [
          -136.95438792108817,
          408.19968370939534,
          -160.7723975932247,
          -60.77077431636005,
          -141.1869509213835,
          -104.87648930110164
        ],
        [
          19.820293287374437,
          -160.7723975932247,
